location,total_sqft,bath,price,bhk,price_per_sqft
Electronic City Phase II,1056.0,2.0,39.07,2,3699.810606060606
Chikka Tirupathi,2600.0,5.0,120.0,4,4615.384615384615
Uttarahalli,1440.0,2.0,62.0,3,4305.555555555556
Lingadheeranahalli,1521.0,3.0,95.0,3,6245.890861275477
Kothanur,1200.0,2.0,51.0,2,4250.0
Whitefield,1170.0,2.0,38.0,2,3247.863247863248
Old Airport Road,2732.0,4.0,204.0,4,7467.0571010248905
Rajaji Nagar,3300.0,4.0,600.0,4,18181.81818181818
Marathahalli,1310.0,3.0,63.25,3,4828.244274809161
Gandhi Bazar,1020.0,6.0,370.0,6,36274.509803921566
Whitefield,1800.0,2.0,70.0,3,3888.8888888888887
Whitefield,2785.0,5.0,295.0,4,10592.45960502693
7th Phase JP Nagar,1000.0,2.0,38.0,2,3800.0
Gottigere,1100.0,2.0,40.0,2,3636.3636363636365
Sarjapur,2250.0,3.0,148.0,3,6577.777777777777
Mysore Road,1175.0,2.0,73.5,2,6255.31914893617
Bisuvanahalli,1180.0,3.0,48.0,3,4067.7966101694915
Raja Rajeshwari Nagar,1540.0,3.0,60.0,3,3896.103896103896
Ramakrishnappa Layout,2770.0,4.0,290.0,3,10469.314079422382
Manayata Tech Park,1100.0,2.0,48.0,2,4363.636363636364
Kengeri,600.0,1.0,15.0,1,2500.0
Binny Pete,1755.0,3.0,122.0,3,6951.5669515669515
Thanisandra,2800.0,5.0,380.0,4,13571.42857142857
Bellandur,1767.0,3.0,103.0,3,5829.088851160159
 Thanisandra,510.0,1.0,25.25,1,4950.980392156863
Mangammanapalya,1250.0,3.0,56.0,3,4480.0
Electronic City,660.0,1.0,23.1,2,3500.0
Whitefield,1610.0,3.0,81.0,3,5031.055900621118
Ramagondanahalli,1151.0,2.0,48.77,2,4237.185056472633
Electronic City,1025.0,2.0,47.0,3,4585.365853658536
Yelahanka,2475.0,4.0,186.0,4,7515.151515151515
Bisuvanahalli,1075.0,2.0,35.0,3,3255.813953488372
Hebbal,1760.0,2.0,123.0,3,6988.636363636364
Raja Rajeshwari Nagar,1693.0,3.0,57.39,3,3389.84051978736
Kasturi Nagar,1925.0,3.0,125.0,3,6493.506493506494
Kanakpura Road,700.0,2.0,36.0,2,5142.857142857143
Electronics City Phase 1,1070.0,2.0,45.5,2,4252.336448598131
Kundalahalli,1724.0,3.0,125.0,3,7250.580046403712
Chikkalasandra,1290.0,2.0,56.12,3,4350.387596899225
Uttarahalli,1143.0,2.0,45.0,2,3937.0078740157483
Murugeshpalya,1296.0,2.0,81.0,2,6250.0
Sarjapur  Road,1254.0,3.0,38.0,3,3030.3030303030305
Ganga Nagar,600.0,1.0,38.0,1,6333.333333333333
Yelahanka,660.0,1.0,48.0,1,7272.727272727273
Kanakpura Road,1330.74,2.0,91.79,2,6897.665960292769
HSR Layout,600.0,9.0,200.0,8,33333.333333333336
Doddathoguru,970.0,2.0,33.0,2,3402.061855670103
Whitefield,1459.0,2.0,94.82,2,6498.971898560658
KR Puram,800.0,1.0,130.0,2,16250.0
Himagiri Meadows,869.0,2.0,36.0,2,4142.692750287687
Adarsh Nagar,1270.0,2.0,50.0,2,3937.0078740157483
Bhoganhalli,1670.0,3.0,99.0,3,5928.143712574851
Whitefield,2010.0,3.0,91.0,3,4527.363184079602
Lakshminarayana Pura,1185.0,2.0,75.0,2,6329.113924050633
Yelahanka,1600.0,2.0,75.0,3,4687.5
Begur Road,1200.0,2.0,44.0,2,3666.6666666666665
Ramakrishnappa Layout,1500.0,2.0,185.0,2,12333.333333333334
Murugeshpalya,1407.0,4.0,150.0,6,10660.980810234541
Govindaraja Nagar Ward,840.0,2.0,45.0,2,5357.142857142857
Tharabanahalli,4395.0,3.0,240.0,3,5460.750853242321
Ganga Nagar,845.0,2.0,55.0,2,6508.87573964497
Whitefield,5700.0,5.0,650.0,4,11403.508771929824
Varthur,1160.0,2.0,44.0,2,3793.103448275862
Bommanahalli,3000.0,8.0,140.0,8,4666.666666666667
Doddathoguru,1100.0,2.0,62.0,2,5636.363636363636
Gunjur,1140.0,2.0,43.0,2,3771.9298245614036
Marathahalli,1220.0,2.0,57.0,2,4672.131147540984
Devarachikkanahalli,1350.0,7.0,85.0,8,6296.2962962962965
Kanakpura Road,1005.0,2.0,36.68,2,3649.7512437810947
Double Road,500.0,3.0,100.0,3,20000.0
Begur Road,1358.0,2.0,80.58,2,5933.726067746687
Hegde Nagar,1569.0,3.0,101.0,3,6437.221159974506
Haralur Road,1240.0,2.0,70.0,2,5645.1612903225805
Hennur Road,2089.0,3.0,140.0,3,6701.771182383915
Kothannur,1206.0,2.0,48.23,2,3999.1708126036483
Kalena Agrahara,1150.0,2.0,40.0,2,3478.2608695652175
Cholanayakanahalli,2511.0,3.0,205.0,3,8164.078056551175
Kaval Byrasandra,460.0,1.0,22.0,2,4782.608695652174
ISRO Layout,4400.0,6.0,250.0,6,5681.818181818182
Kodanda Reddy Layout,1660.0,2.0,105.0,3,6325.301204819277
Yelahanka,1326.0,2.0,78.0,2,5882.35294117647
Garudachar Palya,1325.0,2.0,60.8,3,4588.679245283019
EPIP Zone,1499.0,5.0,102.0,3,6804.536357571715
Hegde Nagar,3000.0,7.0,210.0,6,7000.0
Kanakpura Road,1665.0,3.0,88.0,3,5285.285285285286
Dasanapura,708.0,2.0,37.0,2,5225.988700564972
Kasavanhalli,1060.0,2.0,58.06,2,5477.358490566037
Rajaji Nagar,710.0,6.0,160.0,6,22535.211267605635
Sanjay nagar,1000.0,2.0,70.0,2,7000.0
Electronic City,1000.0,2.0,28.88,2,2888.0
 Mysore Highway,1450.0,2.0,70.0,3,4827.586206896552
ISRO Layout,1200.0,4.0,155.0,4,12916.666666666666
Thanisandra,1296.0,2.0,80.0,2,6172.83950617284
Domlur,1540.0,3.0,90.0,3,5844.1558441558445
Kengeri,2894.0,4.0,245.0,4,8465.791292328957
Sarjapura - Attibele Road,1330.0,2.0,48.0,3,3609.0225563909776
Devasthanagalu,1200.0,2.0,65.0,2,5416.666666666667
T Dasarahalli,1200.0,3.0,90.0,3,7500.0
Yeshwanthpur,2502.0,3.0,138.0,3,5515.587529976019
Chandapura,650.0,1.0,17.0,2,2615.3846153846152
Kothanur,2400.0,2.0,150.0,3,6250.0
Green View Layout,1007.0,2.0,43.0,2,4270.109235352532
Shantiniketan Layout,1200.0,2.0,50.0,2,4166.666666666667
Peenya,966.0,2.0,49.9,2,5165.631469979296
Nagarbhavi,1630.0,2.0,98.0,3,6012.269938650306
Rajaji Nagar,1640.0,3.0,229.0,3,13963.414634146342
Jalahalli West,782.0,2.0,55.68,2,7120.204603580562
Devanahalli,1260.0,2.0,66.78,2,5300.0
Lakshmiamma Garden,1800.0,3.0,120.0,3,6666.666666666667
Byatarayanapura,1413.0,2.0,75.0,3,5307.855626326964
Whitefield,1116.0,2.0,51.91,2,4651.433691756272
Electronic City,1530.0,2.0,45.9,3,3000.0
Ramamurthy Nagar,3700.0,4.0,225.0,4,6081.081081081081
Sarjapur  Road,2497.0,3.0,140.0,3,5606.728073688426
Kengeri,1540.0,2.0,64.0,3,4155.8441558441555
Thanisandra,1436.0,3.0,74.75,3,5205.431754874652
Malleshwaram,1100.0,2.0,75.0,2,6818.181818181818
Hennur Road,276.0,3.0,23.0,2,8333.333333333334
Thanisandra,1427.0,3.0,120.0,3,8409.250175192712
Akshaya Nagar,2061.0,3.0,200.0,3,9704.02717127608
Hebbal,5611.5,4.0,477.0,4,8500.400962309543
Shampura,2650.0,4.0,150.0,4,5660.377358490566
Devanahalli,1282.0,2.0,68.52,3,5344.773790951638
Kadugodi,1050.0,2.0,34.0,2,3238.095238095238
LB Shastri Nagar,1600.0,3.0,65.0,3,4062.5
Vajarahalli,945.0,2.0,54.0,2,5714.285714285715
Hormavu,1500.0,2.0,78.0,2,5200.0
Vishwapriya Layout,950.0,7.0,115.0,7,12105.263157894737
Peenya,1870.0,3.0,110.0,3,5882.35294117647
Sarjapur,1600.0,3.0,75.0,3,4687.5
Electronic City,880.0,1.0,16.5,2,1875.0
Ramaswamy Palya - Kammanahalli Main Road,1200.0,4.0,210.0,4,17500.0
Kudlu Gate,1535.0,3.0,83.0,3,5407.166123778502
Kanakpura Road,950.0,2.0,57.0,2,6000.0
Devanahalli,1360.0,2.0,65.0,2,4779.411764705882
8th Phase JP Nagar,1073.5,2.0,54.005,2,5030.740568234746
Bommasandra Industrial Area,1280.0,3.0,50.4,3,3937.5
Chandra Layout,1260.0,2.0,85.05,3,6750.0
Hennur Road,5000.0,8.0,250.0,8,5000.0
Yelahanka,3050.0,5.0,213.0,5,6983.606557377049
Kasavanhalli,1563.05,3.0,105.0,3,6717.635392341896
ISRO Layout,1000.0,2.0,60.0,2,6000.0
Anandapura,1167.0,2.0,43.76,2,3749.7857754927163
Vishveshwarya Layout,4000.0,7.0,225.0,7,5625.0
Kothanur,1828.0,3.0,110.0,3,6017.505470459519
Kengeri Satellite Town,890.0,2.0,35.0,2,3932.5842696629215
Basavanapura,1612.0,3.0,46.74,3,2899.5037220843674
Dinnur,1034.0,5.0,185.0,6,17891.682785299807
Mysore Road,1710.0,4.0,91.31,3,5339.766081871345
Kannamangala,957.0,2.0,58.0,2,6060.606060606061
 Devarachikkanahalli,1250.0,2.0,44.0,3,3520.0
Sanjeevini Nagar,2795.0,4.0,235.0,3,8407.871198568873
Hulimavu,1125.0,2.0,50.0,2,4444.444444444444
Electronic City Phase II,1020.0,2.0,30.6,2,3000.0
Kalena Agrahara,1200.0,2.0,50.0,2,4166.666666666667
Thanisandra,1735.0,3.0,135.0,3,7780.979827089337
Thanisandra,2050.0,3.0,145.0,3,7073.170731707317
Mahalakshmi Layout,3750.0,4.0,760.0,4,20266.666666666668
Yarandahalli,1350.0,2.0,48.0,3,3555.5555555555557
Hosa Road,1063.0,2.0,32.0,2,3010.348071495767
Keshava Nagar,1904.0,3.0,150.0,3,7878.151260504202
Whitefield,4200.0,4.0,420.0,4,10000.0
RMV Extension,2000.0,3.0,175.0,3,8750.0
Sarjapur,1242.5,2.0,43.49,2,3500.201207243461
Tejaswini Nagar,1425.0,2.0,75.0,3,5263.1578947368425
Electronic City,1500.0,2.0,64.5,3,4300.0
Electronic City,1060.0,2.0,60.0,2,5660.377358490566
Jai Bheema Nagar,1470.0,2.0,70.0,3,4761.9047619047615
Kothnur Narayanapura,1300.0,6.0,99.0,6,7615.384615384615
Attibele,450.0,1.0,11.0,1,2444.4444444444443
Electronic City,1152.0,2.0,64.5,2,5598.958333333333
Electronic City,1350.0,2.0,56.0,3,4148.148148148148
CV Raman Nagar,1550.0,3.0,65.0,3,4193.548387096775
CHIKKATIRUPATHI,1500.0,3.0,100.0,3,6666.666666666667
Kumaraswami Layout,600.0,3.0,85.0,5,14166.666666666666
Nagavara,400.0,1.0,14.0,1,3500.0
Malleshwaram,705.0,1.0,67.0,1,9503.54609929078
Electronic City,770.0,1.0,36.0,2,4675.324675324675
Hulimavu,1242.0,2.0,51.0,2,4106.280193236715
Hebbal Kempapura,1700.0,3.0,155.0,3,9117.64705882353
Thanisandra,2144.0,3.0,145.0,3,6763.059701492537
Vijayanagar,1704.0,3.0,110.0,3,6455.399061032864
Electronic City,1070.0,2.0,52.0,2,4859.813084112149
8th block Koramangala,1846.0,3.0,300.0,3,16251.354279523293
Jakkuru Layout,1340.0,2.0,55.7,2,4156.7164179104475
Electronic City,1025.0,2.0,46.0,2,4487.804878048781
KR Puram,1277.5,2.0,56.8,2,4446.183953033268
Marathahalli,1200.0,2.0,52.0,2,4333.333333333333
Kanakpura Road,2250.0,4.0,110.0,4,4888.888888888889
Pattandur Agrahara,1550.0,2.0,80.0,3,5161.290322580645
Bellandur,1200.0,5.0,325.0,4,27083.333333333332
Ejipura,1800.0,7.0,250.0,7,13888.888888888889
Marathahalli,1200.0,2.0,60.0,2,5000.0
Yelahanka,1327.0,2.0,98.0,2,7385.079125847777
Kothanur,1186.0,2.0,58.0,2,4890.387858347386
MS Pallya,1783.0,3.0,115.0,3,6449.8037016264725
HSR Layout,1400.0,3.0,56.0,3,4000.0
Nagasandra,980.0,2.0,48.0,2,4897.959183673469
EPIP Zone,1285.0,2.0,82.0,2,6381.322957198444
Langford Town,912.0,2.0,70.0,3,7675.438596491228
Whitefield,1225.0,2.0,47.6,2,3885.714285714286
Whitefield,1075.0,2.0,53.0,2,4930.232558139535
Kadugodi,1260.0,2.0,54.0,3,4285.714285714285
Yelahanka,1282.0,2.0,48.7,3,3798.751950078003
Kogilu,1909.0,3.0,88.0,3,4609.743321110529
Panathur,1359.0,2.0,87.0,2,6401.766004415011
Nagondanahalli,1207.0,2.0,43.5,2,3603.976801988401
Padmanabhanagar,1736.0,6.0,190.0,4,10944.700460829494
1st Block Jayanagar,2850.0,4.0,428.0,4,15017.543859649122
Kammasandra,1595.0,3.0,65.0,3,4075.2351097178685
"Off Sarjapur Road, ",1798.0,3.0,89.0,3,4949.944382647386
Electronics City Phase 1,1475.0,3.0,78.29,3,5307.796610169492
Tala Cauvery Layout,1580.0,3.0,100.0,3,6329.113924050633
Dasarahalli,1295.0,2.0,65.0,2,5019.305019305019
Magadi Road,3600.0,6.0,141.0,6,3916.6666666666665
Electronic City,589.0,1.0,27.0,1,4584.040747028863
Ngef Layout,1415.0,3.0,78.0,3,5512.367491166077
Sarjapur  Road,1787.0,3.0,98.29,3,5500.279798545048
Sarjapur  Road,1787.0,3.0,125.0,3,6994.963626189144
Koramangala,1475.0,2.0,90.0,3,6101.6949152542375
"Lakshminarayanapura, Electronic City Phase 2",2000.0,4.0,75.5,4,3775.0
Sarjapur  Road,984.0,2.0,44.28,2,4500.0
Muthurayya Swamy Layout,2405.0,4.0,260.0,3,10810.81081081081
7th Phase JP Nagar,1080.0,2.0,72.0,2,6666.666666666667
Shantiniketan Layout,1500.0,2.0,115.0,2,7666.666666666667
Hebbal,1900.0,3.0,119.0,3,6263.1578947368425
Dommasandra,805.0,2.0,22.14,2,2750.3105590062114
Budigere,1153.0,2.0,56.4,2,4891.587163920208
Dodda Nekkundi Extension,1148.0,2.0,60.0,2,5226.480836236934
Mylasandra,1110.0,2.0,55.0,2,4954.954954954955
Electronic City,1100.0,2.0,42.0,2,3818.181818181818
Kalyan nagar,1290.0,2.0,110.0,2,8527.131782945737
Dr Shivarama Karantha Nagar,1500.0,2.0,65.0,3,4333.333333333333
Bank Of Baroda Colony,1080.0,2.0,39.0,2,3611.1111111111113
Vijayanagar,1933.0,3.0,129.0,3,6673.564407656492
Ramamurthy Nagar,3500.0,5.0,150.0,5,4285.714285714285
Kullappa Colony,1060.0,2.0,60.0,2,5660.377358490566
Chandapura,645.0,1.0,16.45,1,2550.3875968992247
Mukkutam Nagar,2600.0,8.0,180.0,8,6923.076923076923
Chandapura,645.0,1.0,16.45,1,2550.3875968992247
Ashwath Nagar,1644.0,3.0,84.0,3,5109.489051094891
Ncpr Industrial Layout,1285.0,2.0,72.5,2,5642.023346303502
Electronic City,1200.0,3.0,90.0,3,7500.0
Electronic City,910.0,2.0,40.0,2,4395.604395604396
Kothanur,1577.0,3.0,70.0,3,4438.807863031072
Meenakunte,4050.0,3.0,280.0,3,6913.580246913581
OMBR Layout,2420.0,3.0,185.0,3,7644.628099173554
Chandapura,800.0,1.0,20.0,2,2500.0
Anand Nagar,1060.0,2.0,55.0,2,5188.679245283019
7th Phase JP Nagar,1270.0,2.0,93.0,2,7322.834645669292
Shree Ananth Nagar Layout,900.0,2.0,22.5,2,2500.0
Kundalahalli Colony,1280.0,2.0,69.0,2,5390.625
Horamavu Agara,1200.0,2.0,95.0,4,7916.666666666667
Sarjapur  Road,1025.0,2.0,36.0,2,3512.1951219512193
Electronic City,1108.0,2.0,63.0,2,5685.9205776173285
MCECHS  layout,1200.0,5.0,170.0,5,14166.666666666666
Coffee Board Layout,3045.0,3.0,170.0,3,5582.922824302134
Ambedkar Nagar,2900.0,3.0,300.0,4,10344.827586206897
Vijayanagar,1500.0,3.0,75.5,3,5033.333333333333
Raja Rajeshwari Nagar,1295.0,2.0,43.9,2,3389.96138996139
Budigere,1162.0,2.0,59.9,2,5154.9053356282275
Sarjapur  Road,1035.0,2.0,49.2,2,4753.623188405797
Attibele,1600.0,4.0,52.8,4,3300.0
KUDLU MAIN ROAD,1464.0,3.0,46.0,3,3142.0765027322404
Hennur Road,1866.0,2.0,61.58,3,3300.10718113612
Geleyara Balaga Layout,700.0,1.0,26.0,2,3714.285714285714
Kalena Agrahara,1804.0,3.0,120.0,3,6651.884700665189
Sarjapur,913.0,2.0,32.0,2,3504.9288061336256
Talaghattapura,1868.0,3.0,131.0,3,7012.847965738758
Kengeri Satellite Town,883.0,2.0,45.0,2,5096.262740656852
Sundara Nagar,900.0,2.0,110.0,2,12222.222222222223
Kogilu,1664.0,2.0,73.95,3,4444.110576923077
Hegde Nagar,2026.0,3.0,132.0,3,6515.301085883514
Balagere,1210.0,2.0,80.9,2,6685.950413223141
Meenakunte,4111.0,4.0,250.0,4,6081.24543906592
Kadugodi,1762.0,3.0,91.45,3,5190.124858115778
Jigani,1252.0,3.0,55.0,3,4392.97124600639
Gollarapalya Hosahalli,861.0,2.0,34.5,2,4006.968641114983
7th Phase JP Nagar,1420.0,2.0,100.0,3,7042.2535211267605
Srirampura,1450.0,6.0,250.0,6,17241.379310344826
Electronics City Phase 1,1490.0,3.0,78.8,3,5288.5906040268455
Bisuvanahalli,1075.0,2.0,46.0,3,4279.069767441861
Old Madras Road,1425.0,2.0,94.0,3,6596.491228070176
Kalena Agrahara,1200.0,2.0,40.0,2,3333.3333333333335
Kaggadasapura,1280.0,2.0,56.0,3,4375.0
Silver Springs Layout,1084.0,2.0,50.0,2,4612.546125461255
Chandapura,1015.0,2.0,25.88,2,2549.753694581281
Kanakpura Road,1017.0,2.0,51.25,2,5039.331366764995
Haralur Road,1027.0,2.0,44.0,2,4284.323271665044
Electronic City Phase II,1069.0,2.0,45.0,2,4209.541627689429
Hebbal,1349.0,2.0,98.2,2,7279.466271312083
9th Phase JP Nagar,1005.0,2.0,50.0,2,4975.124378109453
Jakkur,1417.0,2.0,75.0,2,5292.87226534933
TC Palaya,1475.0,3.0,98.0,3,6644.067796610169
Maruthi Sevanagar,950.0,2.0,47.0,2,4947.368421052632
RMV 2nd Stage,2000.0,4.0,120.0,4,6000.0
Giri Nagar,880.0,3.0,140.0,3,15909.09090909091
Sarjapur  Road,1863.0,3.0,104.0,4,5582.393988191089
Singasandra,1010.0,2.0,29.5,2,2920.792079207921
Kalena Agrahara,1425.0,2.0,70.0,3,4912.2807017543855
Vijayanagar,1450.0,3.0,100.0,3,6896.551724137931
Kothanur,1847.0,3.0,105.0,3,5684.89442338928
AECS Layout,1100.0,2.0,45.0,2,4090.909090909091
Kanakpura Road,525.0,1.0,26.0,1,4952.380952380952
Mallasandra,1665.0,3.0,95.0,3,5705.705705705705
Begur,1664.0,4.0,65.0,4,3906.25
JP Nagar,1850.0,3.0,150.0,3,8108.108108108108
Panathur,1438.0,2.0,100.0,2,6954.102920723227
Sunder Ram Shetty Nagar,1560.0,3.0,115.0,3,7371.794871794872
Yelahanka,1350.0,2.0,55.55,2,4114.814814814815
Kanakpura Road,1550.0,3.0,67.0,3,4322.580645161291
Malleshpalya,1140.0,2.0,46.5,2,4078.9473684210525
Srirampura,1200.0,5.0,180.0,5,15000.0
Kodathi,850.0,2.0,27.0,2,3176.470588235294
Whitefield,1280.0,2.0,75.0,2,5859.375
Munnekollal,1170.0,2.0,52.0,2,4444.444444444444
Motappa Layout,1113.0,2.0,51.0,2,4582.210242587601
Hennur Road,1385.0,2.0,83.09,2,5999.27797833935
Electronic City,1128.0,2.0,65.0,2,5762.41134751773
Marathahalli,1200.0,2.0,128.0,2,10666.666666666666
Akshaya Vana,1200.0,4.0,165.0,4,13750.0
Rajaji Nagar,2390.0,3.0,415.0,3,17364.016736401674
Giri Nagar,2400.0,4.0,400.0,4,16666.666666666668
Haralur Road,1464.0,3.0,56.0,3,3825.136612021858
Manayata Tech Park,1200.0,2.0,55.0,2,4583.333333333333
Kaval Byrasandra,1200.0,2.0,52.0,2,4333.333333333333
Kaggalipura,1150.0,2.0,55.0,3,4782.608695652174
Basavanna Nagar,1645.0,3.0,95.0,3,5775.075987841945
Sarjapur  Road,1000.0,2.0,67.0,2,6700.0
Haralur Road,2650.0,4.0,198.0,4,7471.698113207547
6th Phase JP Nagar,1192.0,2.0,74.0,2,6208.053691275168
Ulsoor,2135.0,3.0,215.0,3,10070.257611241217
Whitefield,1173.0,2.0,58.0,2,4944.58653026428
Uttarahalli,1020.0,2.0,45.0,2,4411.764705882353
Thigalarapalya,3122.0,6.0,230.0,4,7367.072389493914
Somasundara Palya,1600.0,3.0,64.0,3,4000.0
T.C PALYA,1200.0,2.0,79.0,2,6583.333333333333
Muneshwara Nagar,1230.0,2.0,48.0,2,3902.439024390244
 Devarachikkanahalli,1250.0,2.0,40.0,2,3200.0
Kalena Agrahara,1325.0,2.0,76.0,2,5735.8490566037735
7th Phase JP Nagar,1850.0,3.0,150.0,3,8108.108108108108
Basaveshwara Nagar,1200.0,2.0,65.0,2,5416.666666666667
Bull Temple Road,1350.0,2.0,140.0,3,10370.37037037037
Bommasandra,1260.0,3.0,49.36,3,3917.4603174603176
Prashanth Nagar,1800.0,3.0,150.0,3,8333.333333333334
Suragajakkanahalli,11.0,3.0,74.0,3,672727.2727272727
Ardendale,1100.0,2.0,43.25,2,3931.818181818182
Harlur,1508.0,2.0,77.0,2,5106.100795755968
Sampigehalli,1592.0,3.0,75.0,3,4711.05527638191
Akshaya Nagar,1388.0,2.0,57.0,2,4106.628242074928
Electronic City Phase II,630.0,1.0,28.35,1,4500.0
RMV,2000.0,3.0,365.0,3,18250.0
Banashankari3rd stage bigbazar,1762.0,3.0,125.0,3,7094.211123723042
Bagalur Main Road,950.0,2.0,50.0,2,5263.1578947368425
Kodihalli,3252.0,5.0,335.0,4,10301.353013530135
Magadi Road,1116.0,2.0,50.0,2,4480.286738351255
Narayanapura,1308.0,2.0,89.04,2,6807.339449541284
MS Pallya,1200.0,3.0,90.0,3,7500.0
Binny Mills Employees Colony,1500.0,4.0,230.0,4,15333.333333333334
Bannerghatta Road,500.0,1.0,18.5,1,3700.0
Hennur,1075.0,2.0,52.0,2,4837.209302325581
Chandapura,530.0,1.0,11.66,1,2200.0
Bellandur,1205.0,2.0,66.0,2,5477.178423236514
5th Phase JP Nagar,1075.0,2.0,60.0,2,5581.395348837209
KR Puram,930.0,2.0,39.0,2,4193.548387096775
Balagere,1380.0,2.0,60.0,2,4347.826086956522
Hebbal,2483.0,5.0,212.0,4,8538.058799838904
Kodigehaali,1166.0,2.0,55.0,2,4716.981132075472
Bannerghatta Road,1050.0,2.0,65.0,2,6190.476190476191
Gopalapura,2023.71,3.0,275.0,3,13588.903548433324
Begur Road,1200.0,2.0,46.8,2,3900.0
Lakshminarayana Pura,1600.0,2.0,108.0,3,6750.0
Billekahalli,1935.0,3.0,110.0,3,5684.754521963824
8th Phase JP Nagar,451.0,1.0,29.9,1,6629.711751662971
Electronic City,1800.0,3.0,95.0,3,5277.777777777777
Jalahalli,1400.0,3.0,77.0,3,5500.0
Hegde Nagar,1801.0,3.0,115.0,3,6385.341476957246
Mahadevpura,1451.0,2.0,90.0,2,6202.618883528601
Anekal,1200.0,1.0,36.0,2,3000.0
Begur Road,1160.0,2.0,44.0,2,3793.103448275862
Kengeri,1000.0,2.0,25.0,2,2500.0
Kanakpura Road,950.0,2.0,40.0,2,4210.526315789473
"Hoodi Circle, ",1629.0,3.0,79.0,3,4849.600982197668
Vijayanagar,1580.0,2.0,134.0,3,8481.012658227848
Vijayanagar,1826.0,3.0,121.0,3,6626.506024096386
7th Phase JP Nagar,1245.0,2.0,94.0,2,7550.2008032128515
Raja Rajeshwari Nagar,1145.0,2.0,45.79,2,3999.126637554585
Sompura,825.0,2.0,33.0,2,4000.0
Yeshwanthpur,1693.0,3.0,108.0,3,6379.208505611341
Electronics City Phase 1,1113.27,2.0,53.0,2,4760.74986301616
Ashirvad Colony,1460.0,2.0,58.0,2,3972.6027397260273
Doddathoguru,1050.0,2.0,32.0,2,3047.6190476190477
Dodda Nekkundi,1260.0,2.0,55.0,2,4365.079365079365
K N Extension,700.0,3.0,120.0,6,17142.85714285714
Hosur Road,1656.0,2.0,120.0,2,7246.376811594203
Chandapura,1208.0,3.0,45.0,3,3725.1655629139073
Whitefield,1910.0,3.0,161.0,3,8429.319371727748
Whitefield,3252.0,4.0,230.0,4,7072.570725707257
Battarahalli,1200.0,2.0,65.0,2,5416.666666666667
Gokula Extension,1200.0,4.0,175.0,4,14583.333333333334
7th Phase JP Nagar,1175.0,2.0,82.0,2,6978.723404255319
Kamakshipalya,1000.0,2.0,165.0,2,16500.0
Bannerghatta Road,1200.0,2.0,125.0,4,10416.666666666666
Rajaji Nagar,2390.0,3.0,410.0,3,17154.81171548117
Rajaji Nagar,12000.0,6.0,2200.0,7,18333.333333333332
Sultan Palaya,550.0,1.0,62.0,2,11272.727272727272
Sanne Amanikere,1185.0,2.0,38.0,2,3206.7510548523205
Kengeri,750.0,2.0,38.0,2,5066.666666666667
Mahalakshmi Layout,1200.0,7.0,250.0,6,20833.333333333332
Kanakpura Road,1550.0,3.0,64.5,3,4161.290322580645
Amco Colony,1760.0,3.0,88.0,3,5000.0
Billekahalli,1125.0,2.0,62.0,2,5511.111111111111
Nagarbhavi,1350.0,3.0,150.0,3,11111.111111111111
Anandapura,1000.0,2.0,55.0,2,5500.0
Bommasandra Industrial Area,1090.0,2.0,31.48,2,2888.0733944954127
TC Palaya,1200.0,2.0,60.0,2,5000.0
Budigere,1991.0,4.0,103.0,3,5173.279758915118
Bommasandra,1060.0,2.0,26.5,2,2500.0
Ambalipura,1105.0,2.0,75.0,2,6787.330316742082
Hoodi,985.0,2.0,67.0,2,6802.030456852792
Chandapura,1533.0,5.0,85.0,6,5544.683626875408
Balagere,1590.0,3.0,79.0,3,4968.553459119496
CV Raman Nagar,1120.0,2.0,55.0,2,4910.714285714285
Samethanahalli,1069.0,2.0,55.0,2,5144.9953227315245
Marathahalli,1933.0,3.0,140.0,3,7242.628039317124
Hosur Road,1194.0,2.0,69.0,2,5778.894472361809
Brookefield,1150.0,2.0,69.0,2,6000.0
Yelenahalli,1240.0,2.0,47.12,2,3800.0
Raja Rajeshwari Nagar,1419.0,2.0,48.1,2,3389.7110641296686
7th Phase JP Nagar,1200.0,8.0,250.0,8,20833.333333333332
Richmond Town,2150.0,4.0,240.0,3,11162.790697674418
Suddaguntepalya,1450.0,3.0,55.0,3,3793.103448275862
Udayapur Village,1630.0,3.0,68.29,3,4189.57055214724
Dasanapura,708.0,1.0,40.0,2,5649.717514124294
Kasavanhalli,1000.0,4.0,110.0,3,11000.0
Whitefield,11890.0,4.0,700.0,4,5887.300252312868
Bellandur,1250.0,2.0,76.0,2,6080.0
7th Phase JP Nagar,1400.0,2.0,95.0,3,6785.714285714285
Sarjapur  Road,1670.0,2.0,57.0,3,3413.1736526946106
Ardendale,1750.0,3.0,100.0,3,5714.285714285715
Vittasandra,1404.0,2.0,71.0,2,5056.980056980057
Hoodi,1715.0,2.0,95.0,3,5539.35860058309
Electronic City,630.0,1.0,34.65,1,5500.0
Harlur,1752.12,3.0,135.0,3,7704.951715635916
Hulimavu,1650.0,3.0,78.0,3,4727.272727272727
Raja Rajeshwari Nagar,1295.0,2.0,55.47,2,4283.397683397683
Giri Nagar,1800.0,3.0,252.0,3,14000.0
Sarjapur  Road,1346.0,2.0,74.03,2,5500.0
Thippasandra,1200.0,4.0,200.0,4,16666.666666666668
Hormavu,1150.0,2.0,55.0,2,4782.608695652174
Chikkabidarakallu,3309.0,4.0,325.0,4,9821.698398307646
Chandapura,1190.0,2.0,30.35,3,2550.4201680672268
AECS Layout,1620.0,3.0,98.0,3,6049.382716049383
Marathahalli,950.0,2.0,46.96,2,4943.1578947368425
1 Giri Nagar,5000.0,9.0,360.0,11,7200.0
Harlur,2450.0,3.0,120.0,3,4897.959183673469
Electronic City Phase II,1220.0,2.0,35.23,3,2887.7049180327863
Hoysalanagar,850.0,2.0,30.0,2,3529.4117647058824
Padmanabhanagar,1020.0,2.0,63.0,2,6176.470588235294
Chikkalasandra,1100.0,2.0,50.0,2,4545.454545454545
Defence Colony,1150.0,2.0,126.0,2,10956.521739130434
Hebbal,1760.0,2.0,130.0,3,7386.363636363636
Ambalipura,1800.0,3.0,110.0,3,6111.111111111111
Akshaya Nagar,1070.0,2.0,54.0,2,5046.728971962617
2nd Stage Nagarbhavi,1500.0,4.0,220.0,4,14666.666666666666
Vidyaranyapura,1440.0,2.0,95.0,2,6597.222222222223
Amruthahalli,900.0,2.0,40.0,2,4444.444444444444
ITI Employees Layout,1200.0,4.0,230.0,4,19166.666666666668
Whitefield,1130.0,2.0,42.16,2,3730.973451327434
Koramangala,1320.0,2.0,165.0,2,12500.0
Kodigehalli,1270.0,2.0,98.0,2,7716.535433070866
Patelappa Layout,1200.0,2.0,62.0,2,5166.666666666667
Ring Road Nagarbhavi,4800.0,4.0,235.0,4,4895.833333333333
NS Palya,1200.0,2.0,74.0,2,6166.666666666667
Subramanyapura,929.0,2.0,50.17,2,5400.4305705059205
RMV 2nd Stage,1150.0,4.0,260.0,4,22608.695652173912
Basavangudi,1125.0,4.0,180.0,4,16000.0
Kenchenahalli,500.0,3.0,65.0,5,13000.0
3rd Block Hrbr Layout,1200.0,5.0,190.0,5,15833.333333333334
KUDLU MAIN ROAD,1464.0,3.0,56.0,3,3825.136612021858
7th Phase JP Nagar,3600.0,4.0,400.0,4,11111.111111111111
Bank Avenue,2000.0,4.0,99.0,4,4950.0
Chikkalasandra,1208.0,2.0,49.0,2,4056.291390728477
Hebbal Kempapura,1130.0,2.0,60.0,2,5309.734513274337
Surabhi Layout,1753.0,3.0,120.0,3,6845.407872219053
Old Madras Road,4500.0,7.0,337.0,5,7488.888888888889
Banjara Layout,600.0,3.0,58.0,3,9666.666666666666
Hoodi,1196.0,2.0,94.42,2,7894.648829431439
5th Phase JP Nagar,1150.0,3.0,52.5,2,4565.217391304348
Electronic City,1128.0,2.0,63.0,2,5585.106382978724
Omkar Nagar,1000.0,2.0,53.0,2,5300.0
Yelahanka,1035.0,2.0,45.0,2,4347.826086956522
Kereguddadahalli,950.0,2.0,32.0,2,3368.4210526315787
Bisuvanahalli,1075.0,2.0,36.0,3,3348.8372093023254
Whitefield,1040.0,2.0,48.5,2,4663.461538461538
Maragondanahalli,720.0,2.0,45.0,2,6250.0
Lingadheeranahalli,1511.0,3.0,95.0,3,6287.22700198544
Silk Board,1300.0,3.0,58.0,3,4461.538461538462
Hoodi,1545.0,3.0,68.75,3,4449.838187702266
Shampura,375.0,2.0,26.0,1,6933.333333333333
Vidyaranyapura,1062.0,2.0,38.0,2,3578.154425612053
Kada Agrahara,1115.0,2.0,40.0,2,3587.4439461883408
JP Nagar,1000.0,2.0,35.0,2,3500.0
Kambipura,883.0,2.0,45.0,2,5096.262740656852
Sarjapur  Road,1195.0,2.0,70.0,2,5857.740585774059
BHEL Layout,1200.0,3.0,165.0,4,13750.0
Medahalli,700.0,1.0,41.0,1,5857.142857142857
Vittasandra,1246.0,2.0,67.0,2,5377.2070626003215
8th Phase JP Nagar,660.0,4.0,90.0,4,13636.363636363636
Banashankari Stage III,8500.0,4.0,145.0,4,1705.8823529411766
Kashi Nagar,1600.0,4.0,80.0,4,5000.0
Haralur Road,2805.0,5.0,154.0,4,5490.196078431372
Begur Road,1584.0,3.0,65.0,3,4103.535353535353
Sector 7 HSR Layout,3000.0,5.0,275.0,4,9166.666666666666
Hosur Road,1175.0,2.0,48.0,3,4085.1063829787236
"Yemlur, Old Airport Road, ",1595.0,3.0,115.0,3,7210.031347962383
VHBCS Layout,1353.0,2.0,110.0,2,8130.081300813008
Electronic City,1599.0,3.0,125.0,3,7817.385866166354
Whitefield,1150.0,2.0,70.0,2,6086.95652173913
Jakkur,5230.0,6.0,465.0,4,8891.013384321224
KR Puram,1155.0,2.0,42.74,2,3700.4329004329006
Ittamadu,1200.0,2.0,85.0,1,7083.333333333333
Electronic City Phase II,1000.0,2.0,25.0,2,2500.0
Thanisandra,3000.0,4.0,120.0,4,4000.0
Rajiv Nagar,1867.0,3.0,160.0,3,8569.89823245849
Ramagondanahalli,1251.0,2.0,47.0,2,3756.994404476419
Gattahalli,1028.0,2.0,45.5,2,4426.070038910506
Arekere,1222.0,2.0,45.0,2,3682.4877250409168
Bannerghatta Road,1170.0,2.0,66.0,3,5641.025641025641
Hebbal,2400.0,4.0,245.0,3,10208.333333333334
Ramanjaneyanagar,1385.0,2.0,48.48,3,3500.361010830325
HSR Layout,1372.0,2.0,68.0,2,4956.268221574344
Magadi Road,1282.0,2.0,49.0,3,3822.1528861154447
Mico Layout,5000.0,9.0,210.0,9,4200.0
7th Block Jayanagar,3000.0,3.0,528.0,5,17600.0
Kanakpura Road,1135.0,2.0,39.73,2,3500.440528634361
Whitefield,1768.0,3.0,101.0,3,5712.669683257918
Byatarayanapura,1325.0,2.0,90.0,3,6792.452830188679
Electronic City,1599.0,3.0,99.0,3,6191.369606003753
Whitefield,1500.0,3.0,61.95,3,4130.0
2nd Phase JP Nagar,2610.0,3.0,499.0,3,19118.773946360154
Uttarahalli,1286.0,2.0,63.0,2,4898.9113530326595
Kammanahalli,2845.0,5.0,140.0,5,4920.91388400703
K G Colony,1600.0,2.0,50.0,3,3125.0
Hennur Road,1317.5,2.0,63.77,2,4840.2277039848195
Hebbal,3450.0,5.0,260.0,3,7536.231884057971
Munnekollal,1102.0,2.0,53.67,2,4870.235934664247
Yelahanka,1350.0,2.0,54.0,2,4000.0
Banashankari,1200.0,2.0,42.0,3,3500.0
Hosa Road,1300.0,6.0,145.0,6,11153.846153846154
Herohalli,1800.0,1.0,80.0,2,4444.444444444444
Chikkabanavar,950.0,2.0,40.0,2,4210.526315789473
Kanakpura Road,525.0,1.0,27.25,1,5190.476190476191
Attibele,656.0,2.0,25.0,2,3810.9756097560976
Marathahalli,1780.0,4.0,175.0,4,9831.460674157302
3rd Block Hrbr Layout,1056.0,2.0,80.0,2,7575.757575757576
Bannerghatta Road,595.0,1.0,33.32,1,5600.0
Ittamadu,1080.0,2.0,50.0,2,4629.62962962963
7th Phase JP Nagar,2225.0,3.0,160.0,3,7191.011235955056
Bommasandra,1126.0,2.0,28.15,2,2500.0
Electronics City Phase 1,1490.0,3.0,84.0,3,5637.583892617449
HRBR Layout,2000.0,4.0,300.0,4,15000.0
Sarjapur  Road,1550.0,3.0,100.0,3,6451.612903225807
Ashwini layout,1160.0,2.0,55.0,2,4741.379310344828
Whitefield,4144.0,4.0,315.0,4,7601.351351351352
Sarjapur  Road,2100.0,3.0,125.0,3,5952.380952380952
Vittasandra,1404.0,2.0,69.3,2,4935.897435897436
Sarjapur  Road,2230.0,4.0,225.0,4,10089.686098654709
Marathalli bridge,1544.0,3.0,120.0,3,7772.020725388601
Banashankari Stage III,1305.0,2.0,58.7,3,4498.08429118774
Marathahalli,1230.0,2.0,80.0,2,6504.065040650406
T.C PALYA,1200.0,2.0,65.0,2,5416.666666666667
Harlur,1460.0,3.0,73.0,3,5000.0
Gottigere,967.0,2.0,45.0,2,4653.567735263702
Byatarayanapura,540.0,1.0,36.0,1,6666.666666666667
Hormavu,715.0,1.0,46.0,1,6433.566433566433
Whitefield,2500.0,3.0,313.0,3,12520.0
Dooravani Nagar,1578.0,3.0,180.0,3,11406.84410646388
Mysore Road,1020.0,2.0,48.95,2,4799.019607843137
Jigani,1020.0,2.0,40.0,2,3921.5686274509803
Koramangala,1253.0,2.0,102.0,2,8140.462889066241
JCR Layout,1180.0,2.0,42.0,2,3559.322033898305
Nehru Nagar,961.0,2.0,38.0,2,3954.2143600416234
Kanakapura,1419.0,3.0,75.0,3,5285.412262156448
Harlur,1709.0,3.0,150.0,3,8777.062609713283
Papareddipalya,1600.0,2.0,115.0,2,7187.5
Venkatapura,416.0,1.0,18.5,1,4447.115384615385
Sanjay nagar,1100.0,2.0,98.0,2,8909.09090909091
HSR Layout,1430.0,2.0,65.0,3,4545.454545454545
Sneha Colony,1260.0,2.0,45.0,2,3571.4285714285716
RMV Extension,1630.0,3.0,85.0,3,5214.7239263803685
Sarjapur  Road,1249.0,3.0,44.71,3,3579.663730984788
Kalena Agrahara,1450.0,2.0,85.0,3,5862.068965517241
Konanakunte,2791.0,3.0,223.0,3,7989.967753493372
Hosapalya,600.0,1.0,90.0,1,15000.0
Ashwini layout,834.0,1.0,60.0,1,7194.244604316546
Doddagubbi,1125.0,4.0,70.0,3,6222.222222222223
Arekere,2060.0,3.0,140.0,3,6796.116504854369
Malleshwaram,12000.0,7.0,2200.0,7,18333.333333333332
Gottigere,891.0,2.0,25.0,2,2805.8361391694725
Raja Rajeshwari Nagar,1133.0,2.0,49.07,2,4330.979699911739
Bisuvanahalli,1075.0,2.0,37.0,3,3441.860465116279
Sector 6 HSR Layout,3000.0,5.0,260.0,4,8666.666666666666
Brookefield,2440.0,5.0,425.0,4,17418.032786885247
Vidyaranyapura,1200.0,2.0,55.0,2,4583.333333333333
Thanisandra,1075.0,2.0,45.8,2,4260.46511627907
Kaggadasapura,1140.0,2.0,40.0,2,3508.7719298245615
Margondanahalli,940.0,4.0,150.0,5,15957.446808510638
ITI Layout,2160.0,5.0,250.0,6,11574.074074074075
Raja Rajeshwari Nagar,1090.0,2.0,42.0,2,3853.211009174312
R.T. Nagar,1500.0,4.0,70.0,4,4666.666666666667
Whitefield,4104.0,4.0,360.0,4,8771.929824561403
Whitefield,1790.0,3.0,100.0,3,5586.592178770949
Hebbal,1920.0,3.0,134.0,3,6979.166666666667
HRBR Layout,1374.0,2.0,95.0,2,6914.1193595342065
Bannerghatta Road,1445.0,3.0,95.0,3,6574.39446366782
Kanakapura,711.0,1.0,36.0,1,5063.291139240507
Tumkur Road,1500.0,3.0,95.0,3,6333.333333333333
Whitefield,1720.0,3.0,100.0,3,5813.953488372093
Vasanthapura,1400.0,3.0,60.0,3,4285.714285714285
Kundalahalli,1030.0,2.0,49.0,2,4757.281553398058
Mysore Road,1200.0,2.0,85.0,2,7083.333333333333
Hosahalli,1375.0,3.0,70.0,3,5090.909090909091
Hegde Nagar,1050.0,1.0,56.0,2,5333.333333333333
Jalahalli,2250.0,3.0,160.0,3,7111.111111111111
Bellandur,1000.0,2.0,50.0,2,5000.0
Jalahalli West,469.0,1.0,25.0,1,5330.490405117271
Marathahalli,3800.0,4.0,250.0,4,6578.9473684210525
Kambipura,883.0,2.0,29.0,2,3284.2582106455266
GM Palaya,1820.0,2.0,86.0,3,4725.274725274725
Singasandra,1440.0,2.0,65.0,3,4513.888888888889
near Ramanashree California resort,3600.0,4.0,160.0,6,4444.444444444444
Malleshwaram,2500.0,5.0,325.0,4,13000.0
Mahadevpura,1225.0,2.0,48.0,2,3918.3673469387754
"6th block banashankari 3rd stage, 100 feet ORR",4000.0,3.0,660.0,3,16500.0
Chikkalasandra,875.0,2.0,52.8,2,6034.285714285715
Jalahalli East,750.0,1.0,40.0,1,5333.333333333333
6th Phase JP Nagar,1180.0,2.0,80.0,2,6779.661016949152
Haralur Road,1194.0,2.0,47.0,2,3936.348408710218
Hennur Road,1500.0,2.0,62.0,3,4133.333333333333
Poornapragna Housing Society Layout,1160.0,2.0,52.2,2,4500.0
Hosakerehalli,2378.0,3.0,262.0,3,11017.661900756939
Sarjapur,1128.0,2.0,60.0,2,5319.148936170212
Hebbal,1500.0,3.0,150.0,3,10000.0
Huskur,1220.0,2.0,35.23,3,2887.7049180327863
Sarjapur  Road,1210.0,2.0,58.0,2,4793.388429752066
Kanakpura Road,1100.0,2.0,58.0,3,5272.727272727273
Bommasandra,1200.0,3.0,46.0,3,3833.3333333333335
Haralur Road,3385.0,5.0,260.0,4,7680.945347119646
Nagondanahalli,1641.0,3.0,66.0,3,4021.9378427787933
Horamavu Agara,1200.0,2.0,45.0,2,3750.0
Raja Rajeshwari Nagar,1260.0,2.0,67.39,2,5348.412698412699
Mahadevpura,1720.0,3.0,78.0,3,4534.883720930233
Yelahanka,1132.5,2.0,48.13,2,4249.889624724062
Yelahanka,1210.0,2.0,45.98,2,3800.0
Indira Nagar,2200.0,4.0,200.0,4,9090.90909090909
Bisuvanahalli,1075.0,2.0,45.0,3,4186.046511627907
Thanisandra,1702.0,3.0,130.0,3,7638.07285546416
Shanthala Nagar,1630.0,2.0,200.0,2,12269.938650306749
Raja Rajeshwari Nagar,1141.0,2.0,38.55,2,3378.6152497808935
Shantiniketan Layout,2072.0,3.0,108.0,3,5212.355212355213
Herohalli,1200.0,2.0,70.0,3,5833.333333333333
Teachers Colony,1350.0,3.0,77.0,3,5703.7037037037035
Bettahalsoor,4046.0,4.0,445.0,4,10998.517053880376
Srinivasa Nagar,1180.0,2.0,78.34,3,6638.983050847458
Yelahanka,35000.0,3.0,130.0,3,371.42857142857144
Langford Town,1355.0,2.0,115.0,2,8487.084870848708
Sulthangunta,600.0,1.0,50.0,1,8333.333333333334
Hormavu,1200.0,7.0,150.0,7,12500.0
Bannerghatta Road,1640.0,2.0,120.0,3,7317.073170731707
Byrathi Village,1200.0,5.0,100.0,5,8333.333333333334
Kodichikkanahalli,1190.0,2.0,57.0,3,4789.915966386555
OMBR Layout,2400.0,4.0,375.0,4,15625.0
Marathahalli,1019.0,2.0,49.85,2,4892.051030421982
Ambedkar Colony,1875.0,3.0,165.0,3,8800.0
Akshaya Nagar,1250.0,3.0,40.0,3,3200.0
Brookefield,1200.0,3.0,140.0,3,11666.666666666666
Whitefield,1140.0,2.0,56.0,2,4912.2807017543855
Lingadheeranahalli,1683.0,3.0,109.0,3,6476.5300059417705
Kaggadasapura,1515.0,3.0,83.3,3,5498.349834983498
Hoodi,2118.0,4.0,111.0,4,5240.793201133144
Bannerghatta Road,1380.0,3.0,58.0,4,4202.898550724638
Varthur Road,1083.0,2.0,61.75,2,5701.754385964912
Anjappa Layout,600.0,2.0,55.0,2,9166.666666666666
Avalahalli,2300.0,3.0,120.0,3,5217.391304347826
Prakruthi Nagar,1240.0,2.0,60.0,2,4838.709677419355
Surabhi Layout,1750.0,3.0,120.0,3,6857.142857142857
Sadaramangala,1230.0,2.0,43.48,2,3534.959349593496
Anjanapura,1500.0,3.0,139.0,3,9266.666666666666
Abbigere,985.0,2.0,40.39,2,4100.507614213198
Tindlu,1500.0,2.0,87.0,3,5800.0
Electronic City,1125.0,2.0,32.49,2,2888.0
Maruthi Sevanagar,950.0,2.0,44.0,2,4631.578947368421
Kothanur,1580.0,3.0,76.0,3,4810.126582278481
B Narayanapura,1092.0,2.0,98.5,3,9020.14652014652
Electronic City Phase II,1090.0,2.0,28.34,2,2600.0
Hennur Road,2264.0,3.0,159.0,3,7022.968197879859
Dommasandra,1033.0,2.0,25.53,3,2471.4424007744433
Kammasandra,810.0,2.0,24.5,2,3024.6913580246915
Green Garden Layout,1045.0,2.0,45.0,2,4306.2200956937795
Hebbal,1337.0,2.0,82.0,2,6133.1338818249815
Chandapura,1200.0,2.0,32.0,2,2666.6666666666665
Koramangala,1580.0,3.0,160.0,3,10126.582278481013
Begur Road,1500.0,2.0,54.0,3,3600.0
Whitefield,1640.0,4.0,91.0,3,5548.780487804878
Silver Springs Layout,1570.0,3.0,62.0,3,3949.044585987261
Gubbalala,1470.0,2.0,82.0,3,5578.231292517007
Kengeri,1160.0,2.0,40.61,2,3500.862068965517
7th Phase JP Nagar,1050.0,2.0,71.0,2,6761.9047619047615
Dairy Circle,1855.0,3.0,225.0,3,12129.380053908355
Bannerghatta Road,1460.0,2.0,90.0,3,6164.3835616438355
Hulimavu,1823.0,3.0,100.0,3,5485.463521667581
Electronic City,1094.0,2.0,42.0,2,3839.1224862888484
Budigere,1153.0,2.0,57.0,2,4943.625325238509
Hoysalanagar,1325.0,3.0,57.0,3,4301.88679245283
Parappana Agrahara,1200.0,3.0,85.0,4,7083.333333333333
Jakkur,1590.0,2.0,125.0,3,7861.635220125786
Jeevan bima nagar,1210.0,4.0,160.0,5,13223.140495867769
Raja Rajeshwari Nagar,1200.0,4.0,220.0,4,18333.333333333332
Narayana Nagar 1st Block,1202.0,2.0,48.0,2,3993.3444259567386
Haralur Road,1202.0,2.0,53.0,2,4409.317803660566
KSRTC Layout,1200.0,2.0,62.5,2,5208.333333333333
Panathur,1688.0,3.0,118.0,3,6990.521327014218
Kaval Byrasandra,1020.0,2.0,52.0,2,5098.0392156862745
Sarjapur,1185.0,2.0,47.0,2,3966.2447257383965
Ramagondanahalli,1235.0,2.0,52.04,2,4213.765182186235
Hosakerehalli,3205.0,5.0,500.0,4,15600.624024960998
Banashankari,1077.0,2.0,37.64,2,3494.8932219127205
Kengeri Satellite Town,1415.0,2.0,66.0,3,4664.310954063604
EPIP Zone,2330.0,3.0,162.0,3,6952.789699570815
Whitefield,805.0,2.0,35.0,2,4347.826086956522
P&T Colony,425.0,1.0,20.03,1,4712.941176470588
Whitefield,1155.0,2.0,59.95,2,5190.476190476191
Cunningham Road,5270.0,4.0,1250.0,4,23719.165085388995
Anekal,656.0,2.0,22.0,2,3353.6585365853657
New Gurappana Palya,1100.0,2.0,48.0,2,4363.636363636364
Mahadevpura,1150.0,2.0,52.0,2,4521.739130434783
Chelekare,600.0,1.0,60.0,1,10000.0
Ambedkar Colony,1468.0,2.0,140.0,2,9536.784741144415
Palanahalli,4300.0,5.0,550.0,4,12790.697674418605
Whitefield,2280.0,4.0,126.0,3,5526.315789473684
Hegde Nagar,1341.0,2.0,97.0,2,7233.407904548844
Jakkur,1279.0,2.0,77.0,2,6020.3283815480845
Electronic City Phase II,2225.0,4.0,98.88,4,4444.044943820225
Thanisandra,1185.0,2.0,43.51,2,3671.7299578059074
Vadarpalya,1750.0,3.0,85.0,3,4857.142857142857
Kudlu,1152.0,2.0,53.5,2,4644.097222222223
Shivanagar,1000.0,4.0,160.0,5,16000.0
Hulimavu,1300.0,2.0,36.0,2,2769.230769230769
Varthur Road,2760.0,4.0,155.0,4,5615.942028985507
5th Phase JP Nagar,1070.0,2.0,39.0,2,3644.8598130841124
Uttarahalli,1101.0,2.0,45.0,2,4087.193460490463
V.V Puram,775.0,2.0,55.0,2,7096.774193548387
Yeshwanthpur,667.0,1.0,36.85,1,5524.737631184408
Electronic City,1070.0,2.0,55.0,2,5140.186915887851
Old Airport Road,1875.0,2.0,110.0,3,5866.666666666667
Kundalahalli,735.0,2.0,57.99,2,7889.7959183673465
Sarjapur,4360.0,4.0,90.0,5,2064.2201834862385
Koramangala,1750.0,3.0,130.0,3,7428.571428571428
Marathahalli,1215.0,2.0,67.0,2,5514.40329218107
Sector 3 HSR Layout,600.0,9.0,190.0,9,31666.666666666668
Vishwapriya Layout,820.0,2.0,30.0,2,3658.5365853658536
Banashankari Stage VI,1177.5,2.0,59.935,2,5090.0212314225055
Battarahalli,1779.0,3.0,89.61,3,5037.099494097808
HMT Layout,1105.0,2.0,58.0,2,5248.868778280543
Whitefield,1650.0,3.0,60.0,3,3636.3636363636365
Jalahalli,1694.0,2.0,150.0,2,8854.78158205431
Hosakerehalli,2376.0,3.0,203.0,3,8543.771043771043
Cox Town,1975.0,3.0,150.0,3,7594.93670886076
Kammasandra,674.0,2.0,33.0,2,4896.142433234421
Kaggadasapura,1185.0,2.0,41.0,2,3459.915611814346
 Thanisandra,445.0,1.0,28.0,1,6292.134831460674
Mylasandra,900.0,7.0,76.0,6,8444.444444444445
HSR Layout,1475.0,3.0,75.0,3,5084.745762711865
Gottigere,1618.0,3.0,82.5,3,5098.887515451174
Koramangala,1120.0,2.0,65.0,2,5803.571428571428
Marathahalli,2181.0,3.0,152.0,4,6969.280146721688
Vidyaranyapura,1200.0,4.0,90.0,4,7500.0
Nagondanahalli,600.0,4.0,65.0,6,10833.333333333334
Bannerghatta Road,1556.0,2.0,59.13,3,3800.1285347043704
Bannerghatta Road,1179.0,2.0,66.02,2,5599.660729431722
Thanisandra,1296.0,2.0,83.0,2,6404.320987654321
Kaggadasapura,1275.0,2.0,52.0,2,4078.4313725490197
Kalasipalya,1875.0,2.0,300.0,7,16000.0
Kathriguppe,1400.0,2.0,77.0,3,5500.0
Gottigere,1222.0,2.0,63.0,2,5155.482815057283
Electronic City,940.0,2.0,41.0,2,4361.702127659574
Thanisandra,1185.0,2.0,42.6,2,3594.9367088607596
Tumkur Road,1779.0,3.0,112.0,3,6295.6717256885895
Begur Road,1615.0,3.0,59.76,3,3700.30959752322
Haralur Road,1056.0,2.0,61.0,2,5776.515151515152
7th Phase JP Nagar,1100.0,2.0,46.0,2,4181.818181818182
Arekere,920.0,2.0,40.0,2,4347.826086956522
ITI Layout,1602.0,2.0,75.0,3,4681.647940074907
Padmanabhanagar,1176.0,2.0,62.0,2,5272.108843537415
HBR Layout,675.0,3.0,59.0,4,8740.74074074074
Richmond Town,1352.0,3.0,135.0,3,9985.207100591717
Kasavanhalli,1717.0,3.0,99.0,3,5765.87070471753
4 Bedroom Farm House in Bagalur,10961.0,4.0,80.0,4,729.8604141957851
Bhoganhalli,2119.0,4.0,111.0,4,5238.319962246343
Vittasandra,1246.0,2.0,67.3,2,5401.284109149277
Anandapura,1141.0,2.0,42.79,2,3750.219106047327
Hennur Road,1157.0,2.0,84.0,2,7260.155574762316
Chandapura,1025.0,2.0,27.68,2,2700.487804878049
Yelahanka New Town,650.0,1.0,33.0,1,5076.923076923077
Hebbal,1349.0,2.0,98.0,2,7264.6404744255005
Narayanapura,1566.0,3.0,83.3,3,5319.284802043423
Sahakara Nagar,2830.0,3.0,195.0,4,6890.459363957597
Electronic City,1320.0,2.0,38.13,3,2888.636363636364
manyata park,1780.0,3.0,84.83,3,4765.730337078651
Varthur,1091.0,2.0,34.9,2,3198.9000916590285
Rachenahalli,3670.0,4.0,300.0,4,8174.386920980926
7th Phase JP Nagar,918.0,2.0,50.49,2,5500.0
Yeshwanthpur,1950.0,4.0,130.0,4,6666.666666666667
Panathur,1695.0,3.0,90.0,3,5309.734513274337
Yelahanka,1705.0,3.0,95.0,3,5571.847507331378
Kalyan nagar,1375.0,3.0,75.0,3,5454.545454545455
Kanakpura Road,525.0,1.0,30.0,1,5714.285714285715
Whitefield,1447.0,2.0,83.0,2,5736.005528680028
Thanisandra,1114.0,2.0,39.0,2,3500.8976660682224
7th Phase JP Nagar,1450.0,2.0,100.0,3,6896.551724137931
Belathur,460.0,1.0,15.0,2,3260.8695652173915
Vasanthapura,1022.0,2.0,40.0,2,3913.894324853229
Hebbal,1000.0,2.0,45.0,2,4500.0
Electronic City,1128.0,2.0,68.75,2,6094.858156028369
Kanakpura Road,1180.0,2.0,57.0,2,4830.5084745762715
TC Palaya,1000.0,6.0,69.0,6,6900.0
Nagarbhavi,1200.0,2.0,150.0,2,12500.0
Sadashiva Nagar,3761.0,3.0,660.0,3,17548.524328636002
Kanakpura Road,1339.0,2.0,75.0,2,5601.194921583271
Yelachenahalli,1400.0,2.0,55.0,3,3928.5714285714284
7th Phase JP Nagar,1040.0,2.0,39.52,2,3800.0000000000005
Kadugodi,1198.0,2.0,58.0,2,4841.402337228715
Shirdi Sai Layout,1200.0,3.0,95.0,4,7916.666666666667
Sarjapur  Road,1691.0,3.0,113.0,3,6682.436428149024
Bisuvanahalli,1075.0,3.0,36.0,3,3348.8372093023254
1st Block Jayanagar,1630.0,3.0,194.0,3,11901.840490797545
8th Phase JP Nagar,1240.0,3.0,43.5,3,3508.064516129032
Bannerghatta Road,1122.5,2.0,58.935,2,5250.334075723831
Mallasandra,1665.0,3.0,86.58,3,5200.0
Marathahalli,2489.0,3.0,94.0,3,3776.6171153073524
Brookefield,1142.0,2.0,70.0,2,6129.5971978984235
Kodbisanhalli,1976.0,3.0,184.0,3,9311.74089068826
Sathya Sai Layout,5500.0,4.0,600.0,4,10909.09090909091
Kothannur,1853.0,3.0,82.0,3,4425.256341068538
Vijayanagar,600.0,4.0,72.0,8,12000.0
Kasturi Nagar,1567.0,2.0,92.0,2,5871.091257179323
Talaghattapura,1090.0,2.0,27.24,2,2499.0825688073396
Raja Rajeshwari Nagar,1200.0,4.0,125.0,6,10416.666666666666
Indiranagar HAL 2nd Stage,2400.0,4.0,640.0,4,26666.666666666668
Electronics City Phase 1,1175.0,2.0,51.47,2,4380.425531914893
Subramanyapura,1200.0,2.0,52.0,2,4333.333333333333
Kodichikkanahalli,995.0,2.0,41.0,2,4120.603015075377
Magadi Road,884.0,2.0,41.1,2,4649.321266968326
Vishwanatha Nagenahalli,900.0,3.0,80.0,5,8888.888888888889
Yeshwanthpur,1170.0,2.0,57.0,2,4871.794871794872
KR Puram,1225.0,2.0,46.55,2,3800.0
Electronic City,1342.0,2.0,73.3,2,5461.997019374068
Uttarahalli,1345.0,2.0,67.0,2,4981.412639405205
Kodigehaali,1320.0,3.0,65.0,3,4924.242424242424
Raja Rajeshwari Nagar,1140.0,2.0,49.39,2,4332.456140350877
Battarahalli,1300.0,2.0,50.0,2,3846.153846153846
Hosa Road,1652.0,3.0,85.0,3,5145.2784503631965
Thigalarapalya,2072.0,4.0,142.0,3,6853.281853281854
Arekere,1740.0,2.0,95.0,3,5459.770114942528
Electronic City,1360.0,2.0,71.0,3,5220.588235294118
Hosur Road,1145.0,2.0,60.0,3,5240.174672489083
Uttarahalli,1540.0,2.0,40.0,3,2597.4025974025976
Sarjapur  Road,1278.0,2.0,95.0,2,7433.489827856025
Electronic City Phase II,630.0,1.0,40.0,1,6349.206349206349
Kanakpura Road,1100.0,3.0,58.0,3,5272.727272727273
Bendiganahalli,1200.0,3.0,95.0,3,7916.666666666667
Hosakerehalli Layout,2500.0,6.0,115.0,7,4600.0
Chandapura,582.5,1.0,15.135,1,2598.283261802575
Chandapura,1015.0,2.0,25.88,2,2549.753694581281
Hosur Road,3300.0,5.0,240.0,5,7272.727272727273
Basaveshwara Nagar,4500.0,5.0,415.0,5,9222.222222222223
Gunjur,1356.0,2.0,66.0,3,4867.256637168141
Hennagara,823.0,2.0,28.0,2,3402.187120291616
TC Palaya,1200.0,2.0,66.0,3,5500.0
Ramamurthy Nagar,1050.0,2.0,37.0,2,3523.809523809524
Ferrar Nagar,1180.0,2.0,69.0,2,5847.457627118644
Whitefield,1116.0,2.0,51.91,2,4651.433691756272
7th Phase JP Nagar,1070.0,2.0,42.79,2,3999.0654205607475
Varthur,1385.0,2.0,80.0,2,5776.173285198556
Varthur,1000.0,1.0,70.0,1,7000.0
Whitefield,1897.0,3.0,130.0,3,6852.925672113864
Magadi Road,1005.0,2.0,55.78,2,5550.248756218905
Green Glen Layout,1575.0,3.0,125.0,3,7936.507936507936
Subramanyapura,975.0,2.0,65.0,2,6666.666666666667
Hennur Road,1904.0,3.0,120.0,3,6302.5210084033615
Kengeri Satellite Town,930.0,1.0,30.0,1,3225.8064516129034
Kanakpura Road,525.0,1.0,26.0,1,4952.380952380952
BAGUR,686.0,1.0,17.0,1,2478.134110787172
Electronic City Phase II,2400.0,3.0,150.0,2,6250.0
8th block Koramangala,1410.0,1.0,233.0,2,16524.822695035462
Sarjapur  Road,2238.0,3.0,140.0,3,6255.585344057194
Harlur,1174.0,2.0,69.0,2,5877.342419080068
Thubarahalli,3800.0,4.0,239.0,4,6289.473684210527
Whitefield,2225.0,2.0,125.0,3,5617.9775280898875
M.G Road,1250.0,2.0,200.0,2,16000.0
Jigani,918.0,2.0,52.0,2,5664.488017429194
Mahadevpura,1250.0,2.0,52.0,2,4160.0
Sarjapur  Road,1800.0,3.0,110.0,3,6111.111111111111
Marathahalli,1170.0,2.0,53.0,2,4529.91452991453
Byatarayanapura,1300.0,1.0,200.0,1,15384.615384615385
Bannerghatta Road,793.0,2.0,45.0,2,5674.653215636822
Jakkur,1710.0,3.0,107.0,3,6257.309941520468
Kambipura,1082.0,2.0,57.5,3,5314.232902033272
Naganathapura,1001.0,2.0,33.03,2,3299.7002997002996
Srinivasa Nagar,1500.0,4.0,180.0,4,12000.0
Yelahanka,1590.0,2.0,54.0,3,3396.2264150943397
Basavanagara,2400.0,2.0,80.0,3,3333.3333333333335
Horamavu Banaswadi,1554.0,3.0,55.0,3,3539.253539253539
Thanisandra,1142.5,2.0,43.415,2,3800.0
Bellandur,4239.0,5.0,423.0,5,9978.768577494691
Konanakunte,884.0,1.0,58.0,2,6561.085972850678
Hosa Road,1045.0,2.0,98.89,2,9463.157894736842
Marathahalli,1019.0,2.0,49.86,2,4893.032384690873
Ambedkar Nagar,1935.0,4.0,130.0,3,6718.3462532299745
Uttarahalli,1135.0,2.0,39.73,3,3500.440528634361
Lakshminarayana Pura,1680.0,3.0,150.0,3,8928.57142857143
Hebbal,2470.0,5.0,247.0,4,10000.0
1st Phase JP Nagar,2825.0,4.0,250.0,4,8849.557522123894
Hosakerehalli,2480.0,3.0,330.0,3,13306.451612903225
5th Phase JP Nagar,1260.0,11.0,290.0,9,23015.873015873014
Ramamurthy Nagar,1800.0,4.0,187.0,5,10388.888888888889
Kasavanhalli,1799.0,3.0,90.0,3,5002.77932184547
Attibele,400.0,1.0,11.0,1,2750.0
Kundalahalli,1047.0,2.0,82.0,2,7831.900668576886
Kaverappa Layout,1282.0,2.0,87.0,2,6786.271450858035
NGR Layout,1020.0,2.0,45.9,2,4500.0
Kammanahalli,1080.0,3.0,155.0,4,14351.851851851852
Whitefield,1495.0,2.0,79.5,2,5317.725752508361
Kasavanhalli,3260.0,4.0,240.0,4,7361.963190184049
Divya Unnathi Layout,1611.0,2.0,64.44,3,4000.0
Koramangala,3500.0,5.0,425.0,4,12142.857142857143
Vasantha Vallabha Nagar,1500.0,2.0,95.0,3,6333.333333333333
Sahakara Nagar,1500.0,2.0,95.0,3,6333.333333333333
Yelahanka,3206.0,5.0,270.0,4,8421.70929507174
Uttarahalli,1540.0,3.0,50.0,3,3246.753246753247
Hosa Road,1639.0,3.0,80.0,3,4881.0250152532035
Marathahalli,700.0,4.0,72.0,4,10285.714285714286
Raja Rajeshwari Nagar,1303.0,2.0,55.79,2,4281.657712970069
Koramangala,1005.0,1.0,110.0,2,10945.273631840795
Kammasandra,657.5,1.0,18.41,1,2800.0
Chandapura,1305.0,3.0,33.28,3,2550.191570881226
Kothannur,600.0,4.0,95.0,3,15833.333333333334
sapthagiri Layout,1300.0,1.0,115.0,2,8846.153846153846
Brookefield,1440.0,2.0,68.0,3,4722.222222222223
Seegehalli,901.0,2.0,35.14,2,3900.110987791343
Rajaji Nagar,1725.0,3.0,200.0,3,11594.202898550724
Sarjapur,900.0,2.0,42.0,3,4666.666666666667
BEML Layout,1060.0,2.0,55.0,2,5188.679245283019
NGR Layout,1020.0,2.0,48.45,2,4750.0
Varthur,1535.0,3.0,65.99,3,4299.022801302931
Alur,530.0,1.0,20.0,1,3773.5849056603774
Haralur Road,1464.0,3.0,56.0,3,3825.136612021858
Devarabisanahalli,1350.0,2.0,80.0,2,5925.925925925926
Sarjapur  Road,1115.0,2.0,50.0,2,4484.304932735426
Uttarahalli,1175.0,2.0,47.0,2,4000.0
Whitefield,1113.0,2.0,62.0,2,5570.530098831986
Uttarahalli,1200.0,4.0,225.0,6,18750.0
Ramamurthy Nagar,1640.0,4.0,240.0,5,14634.146341463415
Giri Nagar,650.0,2.0,42.0,2,6461.538461538462
Marathahalli,1325.0,2.0,71.55,2,5400.0
Electronics City Phase 1,950.0,2.0,31.0,2,3263.157894736842
Jakkur,1396.0,2.0,86.51,3,6196.991404011461
Rachenahalli,1050.0,2.0,52.07,2,4959.047619047619
Thanisandra,1825.0,3.0,100.0,3,5479.45205479452
7th Phase JP Nagar,1190.0,2.0,49.98,2,4200.0
Marathahalli,1220.0,2.0,56.5,2,4631.147540983607
NRI Layout,1565.0,2.0,75.0,3,4792.332268370607
Hennur Road,1891.0,3.0,109.0,3,5764.1459545214175
Sidedahalli,900.0,2.0,27.0,2,3000.0
Hosa Road,1161.0,2.0,55.15,2,4750.215331610681
Sarjapur,649.5,1.0,17.535,1,2699.7690531177827
Dwarka Nagar,2400.0,6.0,125.0,8,5208.333333333333
Rajaji Nagar,315.0,4.0,90.0,4,28571.428571428572
Yeshwanthpur,665.0,1.0,36.85,1,5541.353383458647
Mysore Road,1175.0,2.0,73.5,2,6255.31914893617
Hoodi,1425.0,2.0,80.0,2,5614.035087719299
Chikkabanavar,1200.0,1.0,20.0,1,1666.6666666666667
ITPL,1200.0,3.0,56.12,3,4676.666666666667
Somasundara Palya,1255.0,2.0,67.0,2,5338.645418326693
Hegde Nagar,2112.95,4.0,145.0,3,6862.443503159091
Raja Rajeshwari Nagar,600.0,1.0,22.0,1,3666.6666666666665
Haralur Road,1810.0,3.0,100.0,3,5524.861878453039
Indira Nagar,1200.0,2.0,93.0,2,7750.0
Harlur,1033.0,2.0,49.0,2,4743.465634075508
ITPL,1548.0,3.0,89.5,3,5781.6537467700255
Horamavu Banaswadi,1611.0,3.0,66.0,3,4096.83426443203
Electronic City Phase II,1400.0,2.0,40.43,3,2887.8571428571427
Vidyaranyapura,1485.0,2.0,67.0,3,4511.784511784512
Margondanahalli,2400.0,2.0,82.0,2,3416.6666666666665
Pattandur Agrahara,1025.0,2.0,44.5,2,4341.463414634146
Thurahalli,600.0,3.0,65.0,4,10833.333333333334
Hallehalli,1225.0,2.0,53.0,2,4326.530612244898
5th Phase JP Nagar,1256.0,2.0,62.8,2,5000.0
Whitefield,2268.0,3.0,163.0,4,7186.94885361552
Kanakpura Road,1100.0,3.0,53.0,3,4818.181818181818
Vadarpalya,1141.0,2.0,62.0,2,5433.829973707274
Attibele,400.0,1.0,12.0,1,3000.0
Chandapura,1400.0,2.0,60.0,2,4285.714285714285
Kattigenahalli,4100.0,7.0,140.0,7,3414.6341463414633
Weavers Colony,15.0,1.0,30.0,1,200000.0
Raghavendra Nagar,1175.0,2.0,48.27,2,4108.085106382979
Sahakara Nagar,1100.0,2.0,56.0,2,5090.909090909091
Kanakpura Road,1843.0,3.0,95.84,3,5200.217037438958
1st Phase JP Nagar,1200.0,7.0,240.0,8,20000.0
Horamavu Banaswadi,1460.0,2.0,80.5,2,5513.698630136986
Rachenahalli,1530.0,2.0,74.5,3,4869.281045751634
HSR Layout,1467.0,2.0,55.0,2,3749.147920927062
KR Layout,950.0,1.0,40.0,1,4210.526315789473
Vittasandra,1246.0,2.0,64.5,2,5176.565008025682
Kanakapura,711.0,1.0,38.0,1,5344.585091420535
Haralur Road,1194.0,2.0,46.0,2,3852.5963149078725
Babusapalaya,1358.0,2.0,43.4,3,3195.8762886597938
Nagasandra,1500.0,5.0,130.0,6,8666.666666666666
Hoodi,1420.0,2.0,75.0,2,5281.69014084507
Kathriguppe,1250.0,2.0,68.75,3,5500.0
Akshaya Nagar,1280.0,2.0,58.0,2,4531.25
Nagappa Reddy Layout,1209.0,2.0,50.0,2,4135.6492969396195
Kempapura,4200.0,5.0,225.0,5,5357.142857142857
BTM 1st Stage,1215.0,4.0,205.0,4,16872.427983539095
Panathur,1315.0,2.0,54.8,3,4167.300380228137
Kariyammana Agrahara,1800.0,3.0,90.0,3,5000.0
Hessarghatta,1600.0,4.0,125.0,5,7812.5
TC Palaya,1600.0,2.0,65.0,3,4062.5
Binnamangala,3968.0,5.0,900.0,6,22681.451612903227
Suraksha Nagar,1563.0,3.0,52.0,3,3326.935380678183
Whitefield,1560.0,2.0,72.0,3,4615.384615384615
Brookefield,2169.0,4.0,115.0,3,5301.982480405717
Lakshmi Layout,900.0,10.0,170.0,9,18888.88888888889
Rachenahalli,1050.0,2.0,55.5,2,5285.714285714285
Iblur Village,3235.0,3.0,235.0,3,7264.296754250387
TC Palaya,1200.0,3.0,66.0,3,5500.0
HSR Layout,1140.0,2.0,46.0,2,4035.0877192982457
7th Phase JP Nagar,1500.0,3.0,170.0,3,11333.333333333334
Horamavu Agara,1560.0,3.0,75.0,3,4807.692307692308
JP Nagar,1100.0,2.0,70.0,2,6363.636363636364
Kasavanhalli,1260.0,2.0,40.32,3,3200.0
Hebbal,1036.0,2.0,50.0,2,4826.254826254826
Akshaya Nagar,1662.0,3.0,85.1,3,5120.336943441636
Yelachenahalli,1464.0,2.0,105.0,3,7172.131147540984
Yelahanka,1234.0,2.0,80.0,2,6482.982171799027
Sarjapur  Road,1403.0,3.0,55.0,3,3920.1710620099784
Kadugondanahalli,915.0,4.0,54.9,4,6000.0
2nd Stage Nagarbhavi,3000.0,8.0,451.0,6,15033.333333333334
Seegehalli,1150.0,2.0,42.9,3,3730.4347826086955
Hebbal,3900.0,4.0,410.0,4,10512.820512820514
Yeshwanthpur,850.0,4.0,90.0,5,10588.235294117647
Kanakapura,929.0,2.0,46.0,2,4951.560818083961
2nd Stage Nagarbhavi,2400.0,8.0,450.0,6,18750.0
TC Palaya,1350.0,2.0,75.0,3,5555.555555555556
Vasanthapura,1135.0,2.0,39.73,2,3500.440528634361
Basava Nagar,1405.0,2.0,70.0,2,4982.20640569395
Whitefield,1200.0,2.0,45.84,2,3820.0
Haralur Road,2805.0,4.0,154.0,4,5490.196078431372
Yeshwanthpur,1161.0,2.0,64.08,2,5519.37984496124
Kanakpura Road,1290.0,2.0,74.0,2,5736.434108527132
Yeshwanthpur,2557.0,3.0,141.0,3,5514.274540477121
2nd Block Hrbr Layout,1480.0,3.0,90.0,3,6081.081081081081
BTM 1st Stage,3300.0,14.0,500.0,9,15151.515151515152
Old Madras Road,1350.0,3.0,54.54,3,4040.0
Kadugodi,1580.0,2.0,65.0,3,4113.9240506329115
Banashankari,1470.0,2.0,88.64,3,6029.931972789115
Ananth Nagar,500.0,1.0,14.0,1,2800.0
Sarjapur  Road,1346.0,2.0,61.92,2,4600.297176820208
Canara Bank Layout,1600.0,3.0,90.0,3,5625.0
Naganathapura,720.0,2.0,120.0,2,16666.666666666668
Manjunath Nagar,1200.0,4.0,135.0,4,11250.0
Basapura,1200.0,2.0,35.0,2,2916.6666666666665
Channasandra,1340.0,2.0,48.33,3,3606.716417910448
Devanahalli,6136.0,4.0,560.0,4,9126.466753585397
Jigani,918.0,2.0,48.0,2,5228.75816993464
Singena Agrahara,1500.0,3.0,115.0,3,7666.666666666667
Yelahanka,1315.0,2.0,85.0,2,6463.878326996198
Sector 1 HSR Layout,2400.0,5.0,775.0,4,32291.666666666668
Uttarahalli,1390.0,2.0,62.55,3,4500.0
Uttarahalli,1330.0,2.0,56.0,3,4210.526315789473
Jalahalli,3100.0,4.0,265.0,5,8548.387096774193
Mango Garden Layout,1824.0,3.0,125.0,3,6853.070175438596
7th Phase JP Nagar,1420.0,2.0,96.0,3,6760.56338028169
Kacharakanahalli,750.0,1.0,56.25,1,7500.0
Jalahalli East,1260.0,2.0,60.0,3,4761.9047619047615
Hennur Road,1561.0,3.0,95.0,3,6085.842408712364
5th Phase JP Nagar,812.0,6.0,165.0,9,20320.197044334975
"Bidere Agarahara, Behind Safal market",1060.0,2.0,42.0,2,3962.264150943396
Hoodi,1120.0,8.0,145.0,8,12946.42857142857
Haralur Road,1225.0,2.0,67.38,2,5500.408163265306
Thanisandra,2144.0,3.0,135.0,3,6296.641791044776
Kengeri,1200.0,6.0,140.0,7,11666.666666666666
Electronic City,880.0,2.0,29.0,2,3295.4545454545455
Hoodi,1639.0,3.0,110.0,3,6711.4093959731545
Thanisandra,1240.0,2.0,62.0,3,5000.0
Kanakpura Road,1500.0,2.0,69.0,2,4600.0
Haralur Road,1243.0,2.0,46.0,2,3700.7240547063557
Marathahalli,1575.0,3.0,78.0,3,4952.380952380952
Haralur Road,1027.0,2.0,44.0,2,4284.323271665044
Kambipura,1082.0,2.0,56.0,3,5175.6007393715345
Konanakunte,1637.0,3.0,73.0,3,4459.376908979842
Kanakpura Road,1665.0,3.0,86.58,3,5200.0
Electronic City,1265.0,2.0,56.93,2,4500.395256916996
Electronic City,1691.0,2.0,102.0,3,6031.933767001774
Thanisandra,1100.0,2.0,38.0,2,3454.5454545454545
Grihalakshmi Layout,24.0,2.0,150.0,5,625000.0
Gopalkrishna Nagar,1500.0,3.0,62.0,3,4133.333333333333
Hosakerehalli,3205.0,5.0,380.0,4,11856.474258970358
Kammanahalli,1666.0,4.0,150.0,5,9003.60144057623
Choodasandra,1115.0,2.0,50.0,2,4484.304932735426
Mysore Road,1070.0,2.0,45.0,2,4205.607476635514
Indira Nagar,1128.0,2.0,105.0,2,9308.510638297872
Budigere,1162.0,2.0,57.0,2,4905.335628227194
Sai Gardens,1339.0,2.0,55.0,2,4107.542942494399
Mahadevpura,1192.0,2.0,75.0,2,6291.946308724832
Haralur Road,1920.0,3.0,115.0,3,5989.583333333333
Hennur,1255.0,2.0,52.32,2,4168.924302788844
Rajaji Nagar,1357.0,2.0,115.0,2,8474.57627118644
Dodda Kempaiah Layout,1600.0,3.0,75.0,3,4687.5
Hanumanth Nagar,1225.0,2.0,55.11,2,4498.775510204082
Whitefield,2400.0,4.0,200.0,4,8333.333333333334
Kasturi Nagar,1570.0,3.0,80.0,3,5095.541401273886
Thanisandra,1093.0,2.0,70.0,2,6404.391582799634
Basaveshwara Nagar,1865.0,3.0,145.0,3,7774.798927613941
R.T. Nagar,1200.0,7.0,165.0,6,13750.0
Kaikondrahalli,1039.0,2.0,80.0,2,7699.711260827719
Vittasandra,1246.0,2.0,64.5,2,5176.565008025682
Whitefield,1985.0,3.0,75.0,3,3778.337531486146
Hosakerehalli,1590.0,3.0,49.0,3,3081.761006289308
Hunasamaranahalli,4000.0,4.0,675.0,4,16875.0
Electronic City Phase II,775.0,2.0,38.0,2,4903.225806451613
RWF West Colony,1000.0,2.0,50.0,2,5000.0
Hebbal Kempapura,1800.0,3.0,175.0,3,9722.222222222223
Bommasandra,1035.0,2.0,41.0,2,3961.352657004831
Dasarahalli,1520.0,2.0,75.0,3,4934.210526315789
Whitefield,1360.0,2.0,95.0,2,6985.294117647059
Bileshivale,6000.0,5.0,400.0,4,6666.666666666667
Kodigehaali,1117.0,2.0,56.0,2,5013.428827215756
KR Puram,1200.0,4.0,120.0,4,10000.0
EPIP Zone,1330.0,2.0,92.5,2,6954.887218045113
Marathahalli,1937.0,3.0,160.0,3,8260.196179659268
Electronic City,1128.0,2.0,65.49,2,5805.851063829787
Neeladri Nagar,1053.0,2.0,45.0,2,4273.504273504273
Panathur,1198.0,2.0,77.0,2,6427.378964941569
Marathahalli,1152.0,2.0,56.0,2,4861.111111111111
1st Block Jayanagar,1200.0,6.0,125.0,6,10416.666666666666
Frazer Town,1625.0,2.0,75.0,2,4615.384615384615
Kundalahalli,1397.0,3.0,105.0,3,7516.1059413027915
Yeshwanthpur,1523.0,3.0,170.0,3,11162.179908076165
Kambipura,883.0,2.0,45.0,2,5096.262740656852
Kaggalipura,700.0,1.0,38.0,1,5428.571428571428
Yelahanka,1170.0,2.0,62.5,2,5341.880341880342
Kanakpura Road,1200.0,2.0,42.0,3,3500.0
Manayata Tech Park,2400.0,3.0,170.0,3,7083.333333333333
Kullappa Colony,1480.0,2.0,65.0,2,4391.891891891892
Akshaya Nagar,1897.0,3.0,120.0,3,6325.77754348972
Rachenahalli,996.0,2.0,67.0,2,6726.907630522089
Haralur Road,1875.0,3.0,110.0,3,5866.666666666667
Williams Town,1500.0,2.0,98.0,3,6533.333333333333
Jaya Nagar East,3095.0,3.0,350.0,3,11308.562197092084
Ambalipura,1390.0,2.0,175.0,3,12589.928057553956
Yelahanka,1450.0,3.0,65.255,3,4500.3448275862065
Yelahanka,697.0,1.0,45.0,1,6456.241032998565
Sarjapur  Road,710.0,1.0,27.0,1,3802.8169014084506
Iggalur,910.0,2.0,30.5,2,3351.6483516483518
Sompura,1025.0,2.0,48.0,3,4682.926829268293
Magadi Road,1000.0,2.0,46.5,2,4650.0
Harlur,1200.0,4.0,244.0,4,20333.333333333332
Horamavu Agara,1453.0,2.0,46.48,3,3198.8988300068822
Sarjapur  Road,3335.0,5.0,300.0,4,8995.502248875562
Thanisandra,971.5,2.0,36.435,2,3750.386001029336
Bellandur,1281.0,2.0,74.0,2,5776.736924277908
Cooke Town,565.0,1.0,35.0,1,6194.690265486725
Varthur,1024.0,2.0,42.0,2,4101.5625
Electronic City,1620.0,3.0,62.0,3,3827.1604938271603
Whitefield,1254.0,2.0,40.0,2,3189.792663476874
Banashankari,1300.0,2.0,75.0,3,5769.2307692307695
Doddakallasandra,1233.0,2.0,43.0,2,3487.42903487429
Chokkanahalli,1200.0,1.0,28.0,1,2333.3333333333335
Hosur Road,1510.0,2.0,105.0,3,6953.64238410596
Kaggalipura,950.0,2.0,65.0,2,6842.105263157895
Battarahalli,1945.0,3.0,97.42,3,5008.740359897172
Uttarahalli,1008.0,2.0,45.0,2,4464.285714285715
Thanisandra,1265.0,2.0,79.0,3,6245.059288537549
Hebbal,1255.0,2.0,77.68,3,6189.641434262949
Kanakpura Road,2689.0,6.0,220.0,4,8181.480104127929
Yelenahalli,1200.0,2.0,46.17,2,3847.5
Sarjapur  Road,1403.0,3.0,51.63,3,3679.9714896650034
Kudlu Gate,1535.0,3.0,85.0,3,5537.459283387622
Chikkaballapur,1500.0,3.0,100.0,3,6666.666666666667
Chamrajpet,1475.0,2.0,120.0,3,8135.593220338983
Uttarahalli,1390.0,2.0,60.47,3,4350.359712230216
Raja Rajeshwari Nagar,1278.0,2.0,53.76,3,4206.572769953052
VGP Layout,1133.0,2.0,55.0,2,4854.368932038835
Classic Paradise Layout,1560.0,5.0,145.0,5,9294.871794871795
Byappanahalli,2900.0,5.0,90.0,5,3103.448275862069
Kogilu,1170.0,2.0,51.99,2,4443.589743589743
Sahakara Nagar,1200.0,3.0,200.0,3,16666.666666666668
Whitefield,1697.0,3.0,94.79,3,5585.739540365351
Thanisandra,1651.0,3.0,97.38,3,5898.24348879467
Vasanth nagar,1560.0,3.0,188.0,3,12051.28205128205
Hennur Road,1192.0,2.0,60.0,3,5033.557046979866
OMBR Layout,1078.0,2.0,65.0,2,6029.684601113173
Kumaraswami Layout,800.0,7.0,105.0,7,13125.0
Kasavanhalli,1349.0,2.0,78.0,2,5782.060785767235
Ulsoor,2300.0,8.0,210.0,9,9130.434782608696
7th Phase JP Nagar,1680.0,3.0,120.0,3,7142.857142857143
Rayasandra,1314.0,2.0,63.0,3,4794.520547945205
Garudachar Palya,1060.0,2.0,48.7,2,4594.33962264151
Kalyan nagar,820.0,2.0,39.0,2,4756.09756097561
Whitefield,5000.0,4.0,400.0,4,8000.0
BEML Layout,2000.0,3.0,85.0,3,4250.0
Kalkere,856.0,2.0,40.0,2,4672.897196261682
Rajaji Nagar,1621.0,4.0,130.0,3,8019.740900678594
ITPL,1200.0,3.0,68.4,3,5700.000000000001
Bannerghatta Road,1484.0,3.0,52.5,3,3537.735849056604
T.C. Palya,600.0,5.0,60.0,4,10000.0
Siddapura,14000.0,3.0,800.0,4,5714.285714285715
Yelahanka New Town,500.0,1.0,20.0,1,4000.0
Makali,485.0,1.0,15.0,1,3092.783505154639
7th Phase JP Nagar,1050.0,2.0,42.0,2,4000.0
Uttarahalli,1617.0,3.0,66.68,3,4123.685837971553
Electronic City,550.0,1.0,16.0,2,2909.090909090909
RWF West Colony,1384.0,3.0,62.28,3,4500.0
Devanahalli,1408.0,2.0,85.0,2,6036.931818181818
Uttarahalli,1150.0,2.0,49.0,2,4260.869565217391
Akshaya Nagar,1410.0,2.0,75.0,3,5319.148936170212
Kaggadasapura,2150.0,4.0,100.0,4,4651.162790697675
Koramangala,2292.0,4.0,275.0,3,11998.25479930192
Malleshwaram,2006.0,3.0,297.0,3,14805.583250249252
Maragondanahalli,1508.0,3.0,70.25,3,4658.488063660478
Ramamurthy Nagar,1040.0,2.0,50.0,2,4807.692307692308
TC Palaya,1240.0,2.0,60.0,2,4838.709677419355
Kudlu Gate,1535.0,3.0,78.0,3,5081.4332247557
Lakshminarayana Pura,1180.0,2.0,75.0,2,6355.932203389831
Abbigere,2200.0,6.0,68.0,6,3090.909090909091
Bannerghatta Road,1400.0,2.0,78.0,2,5571.428571428572
Raja Rajeshwari Nagar,500.0,1.0,25.0,1,5000.0
Whitefield,4800.0,4.0,525.0,4,10937.5
Sarjapur  Road,1984.0,4.0,146.0,3,7358.870967741936
Whitefield,3000.0,5.0,250.0,4,8333.333333333334
Garudachar Palya,1960.0,3.0,160.0,3,8163.265306122449
Sarjapur  Road,1035.0,2.0,45.0,2,4347.826086956522
Vibuthipura,2150.0,4.0,80.0,4,3720.9302325581393
Whitefield,1700.0,3.0,115.0,3,6764.705882352941
Hosakerehalli,3024.0,5.0,248.0,4,8201.0582010582
Tumkur Road,1586.0,3.0,100.0,3,6305.170239596469
Chikka Tirupathi,2325.0,4.0,120.0,4,5161.290322580645
Yelahanka,1120.0,2.0,55.0,2,4910.714285714285
Sarjapur  Road,1128.0,2.0,59.0,2,5230.49645390071
5th Block Hbr Layout,1200.0,6.0,250.0,6,20833.333333333332
Jigani,924.0,2.0,65.0,2,7034.632034632034
Suraksha Nagar,1600.0,3.0,52.0,3,3250.0
Pai Layout,1006.0,2.0,35.0,2,3479.1252485089462
Amruthahalli,1200.0,2.0,55.0,2,4583.333333333333
Jalahalli West,1250.0,2.0,62.0,2,4960.0
Defence Layout,1200.0,3.0,130.0,3,10833.333333333334
Kannamangala,957.0,2.0,56.0,2,5851.619644723093
Whitefield,1140.0,2.0,41.0,2,3596.4912280701756
Roopena Agrahara,1050.0,2.0,67.0,2,6380.952380952381
Kasturi Nagar,1565.0,3.0,88.5,3,5654.952076677317
Whitefield,1190.0,2.0,57.0,2,4789.915966386555
Whitefield,2842.0,3.0,162.0,3,5700.2111189303305
Kanakpura Road,1558.67,2.0,65.0,3,4170.222048284755
Electronics City Phase 1,630.0,1.0,39.0,1,6190.476190476191
Whitefield,1403.0,2.0,60.81,3,4334.283677833215
Kanakpura Road,1542.0,2.0,85.0,3,5512.321660181582
Haralur Road,2750.0,4.0,220.0,4,8000.0
Iblur Village,3596.0,5.0,290.0,4,8064.5161290322585
Kengeri Satellite Town,1635.0,2.0,78.0,3,4770.642201834862
Mysore Road,1239.0,2.0,53.0,2,4277.643260694108
Haralur Road,1194.0,2.0,47.0,2,3936.348408710218
Dooravani Nagar,1596.0,3.0,105.0,3,6578.9473684210525
Channasandra,1009.0,2.0,38.34,2,3799.8017839445
Hosa Road,1726.0,3.0,81.99,3,4750.289687137891
Kudlu Gate,1535.0,3.0,86.0,3,5602.605863192182
Banashankari Stage V,1300.0,2.0,58.5,3,4500.0
Whitefield,3100.0,4.0,465.0,4,15000.0
Coconut Garden,1800.0,3.0,80.0,3,4444.444444444444
Binny Pete,665.0,1.0,50.75,1,7631.578947368421
Chamrajpet,4050.0,7.0,1200.0,9,29629.62962962963
TC Palaya,1500.0,2.0,100.0,3,6666.666666666667
Kalkere,925.0,2.0,48.0,2,5189.189189189189
Old Airport Road,3356.0,4.0,251.0,4,7479.141835518474
Gollahalli,1395.0,2.0,63.59,2,4558.4229390681
Sonnenahalli,1415.0,2.0,55.0,3,3886.9257950530036
Begur,1419.0,2.0,59.0,3,4157.85764622974
Kasavanhalli,1121.0,2.0,78.0,2,6958.07314897413
Kambipura,1082.0,2.0,45.0,3,4158.964879852126
KR Puram,1100.0,2.0,47.0,2,4272.727272727273
Hoodi,1606.0,3.0,89.55,3,5575.965130759651
Billekahalli,1650.0,3.0,88.0,3,5333.333333333333
D Souza Layout,4634.0,4.0,1015.0,3,21903.32326283988
Old Airport Road,1206.0,2.0,75.0,2,6218.905472636816
Sarjapur  Road,1495.0,2.0,64.0,3,4280.936454849499
Malleshwaram,840.0,7.0,195.0,8,23214.285714285714
Electronic City,710.0,2.0,16.0,2,2253.521126760563
Balagere,1210.0,2.0,72.0,2,5950.413223140496
Nagarbhavi,1523.0,2.0,53.4,3,3506.2376887721603
Whitefield,1232.0,2.0,45.0,2,3652.5974025974024
Rachenahalli,680.0,1.0,44.0,1,6470.588235294118
Hebbal,1355.0,3.0,83.87,3,6189.667896678967
Thanisandra,1430.0,2.0,51.46,3,3598.6013986013986
Kothannur,1275.0,2.0,43.85,3,3439.2156862745096
Electronic City,1070.0,2.0,56.1,2,5242.990654205608
Bettahalsoor,1200.0,3.0,85.0,3,7083.333333333333
Electronic City,2000.0,4.0,120.0,4,6000.0
Bommanahalli,1200.0,2.0,40.0,2,3333.3333333333335
Marathahalli,1610.0,3.0,90.0,3,5590.062111801242
Haralur Road,1140.0,2.0,43.0,2,3771.9298245614036
Raja Rajeshwari Nagar,1143.0,2.0,38.65,2,3381.4523184601926
Jakkur,3467.86,6.0,249.0,4,7180.220654813054
Rachenahalli,1530.0,2.0,74.4,3,4862.745098039216
7th Phase JP Nagar,980.0,2.0,69.0,2,7040.816326530612
Whitefield,1485.0,3.0,65.0,3,4377.104377104377
Whitefield,1500.0,3.0,130.0,3,8666.666666666666
Whitefield,1280.0,2.0,75.0,2,5859.375
Thanisandra,1265.0,2.0,85.0,2,6719.367588932806
"ECC Road, Whitefield, ",1132.0,2.0,67.0,2,5918.727915194347
Ashwath Nagar,1262.0,2.0,63.0,2,4992.076069730587
JP Nagar,940.0,2.0,49.0,2,5212.765957446809
Seetharampalya,1515.0,3.0,88.0,3,5808.580858085808
Jigani,1300.0,3.0,150.0,3,11538.461538461539
Kothanur,1840.0,3.0,69.0,3,3750.0
Electronic City,890.0,2.0,45.0,2,5056.179775280899
Rukmaiah Layout,1655.0,3.0,86.06,3,5200.0
Hennur Road,2060.0,3.0,149.0,3,7233.0097087378645
Bommanahalli,1730.0,3.0,96.0,3,5549.132947976878
Yelahanka,2195.0,4.0,127.0,3,5785.876993166287
Kathriguppe,1650.0,3.0,125.0,3,7575.757575757576
KR Puram,1200.0,2.0,71.0,2,5916.666666666667
Hosa Road,1079.0,2.0,32.37,2,2999.9999999999995
Panathur,1085.0,2.0,36.0,2,3317.9723502304146
Maruthi Sevanagar,5000.0,7.0,299.0,7,5980.0
Yelahanka,1075.0,2.0,51.5,2,4790.697674418605
Devanahalli Int. Airport,1380.0,2.0,80.0,2,5797.101449275362
Puttanahalli,1450.0,3.0,65.0,3,4482.758620689655
Thubarahalli,1200.0,2.0,78.0,2,6500.0
Benson Town,3200.0,4.0,350.0,3,10937.5
Hoodi,1639.0,3.0,98.32,3,5998.779743746187
Jakkuru Layout,1200.0,2.0,54.0,2,4500.0
Vijayanagar,1739.0,3.0,116.0,3,6670.500287521564
Palanahalli,4346.0,5.0,500.0,4,11504.83202945237
Old Madras Road,935.0,2.0,32.72,2,3499.4652406417113
 Thanisandra,510.0,1.0,25.25,1,4950.980392156863
Devasandra Extension,1200.0,6.0,180.0,6,15000.0
Nagondanahalli,1178.0,2.0,47.0,2,3989.8132427843802
Chikkalasandra,1375.0,2.0,50.0,3,3636.3636363636365
Chandapura,1065.0,2.0,33.0,3,3098.5915492957747
2nd Phase Judicial Layout,1450.0,2.0,50.75,3,3500.0
BEML Layout,999.0,2.0,45.0,2,4504.504504504504
Amruthahalli,4400.0,3.0,475.0,2,10795.454545454546
Marathahalli,1350.0,4.0,135.0,5,10000.0
Kothannur,1100.0,2.0,40.0,2,3636.3636363636365
Koramangala,1835.0,2.0,155.0,3,8446.866485013625
Hoodi,2090.0,4.0,95.1,4,4550.239234449761
Lingadheeranahalli,1519.0,3.0,93.0,3,6122.448979591837
Dommasandra,1267.0,3.0,56.0,3,4419.889502762431
Sanjay nagar,1150.0,2.0,72.2,2,6278.260869565217
Marathahalli,1146.0,2.0,70.0,2,6108.202443280978
1st Block HRBR Layout,1200.0,7.0,235.0,8,19583.333333333332
Kannamangala,1550.0,3.0,65.0,3,4193.548387096775
Chandapura,850.0,1.0,18.5,2,2176.470588235294
Richmond Town,2200.0,3.0,187.0,3,8500.0
"Sarjapur Road, ",3329.0,3.0,330.0,3,9912.886752778611
Electronics City Phase 1,785.0,1.0,55.0,1,7006.369426751592
Hebbal Kempapura,2900.0,4.0,300.0,3,10344.827586206897
Raja Rajeshwari Nagar,1610.0,3.0,74.0,3,4596.273291925466
Bellandur,921.0,2.0,40.0,2,4343.105320304017
Kengeri Satellite Town,850.0,3.0,95.0,3,11176.470588235294
Bannerghatta Road,2700.0,5.0,158.0,5,5851.851851851852
Sarjapur  Road,1700.0,3.0,110.0,3,6470.588235294118
Sarjapur,1020.0,2.0,35.0,2,3431.372549019608
Billekahalli,1090.0,2.0,52.0,2,4770.642201834862
Bagalur Main Road,3600.0,4.0,300.0,4,8333.333333333334
Haralur Road,1027.0,2.0,44.0,2,4284.323271665044
Thanisandra,1185.0,2.0,42.1,2,3552.7426160337554
Doddathoguru,850.0,2.0,25.0,2,2941.176470588235
Harlur,1197.0,2.0,84.0,2,7017.543859649123
Byadarahalli,3500.0,3.0,450.0,4,12857.142857142857
Poorna Pragna Layout,920.0,2.0,39.55,2,4298.91304347826
Raja Rajeshwari Nagar,1105.0,2.0,65.0,2,5882.35294117647
Yeshwanthpur,1850.0,3.0,100.0,3,5405.405405405405
Judicial Layout,1300.0,3.0,64.0,3,4923.076923076923
"Varthur Road, ",1595.0,3.0,76.0,3,4764.8902821316615
Kodihalli,3073.0,5.0,696.0,4,22648.87731858119
Horamavu Agara,755.0,2.0,37.49,2,4965.562913907284
Nagasandra,4050.0,5.0,140.0,5,3456.7901234567903
Kanakpura Road,1300.0,2.0,69.0,3,5307.692307692308
Bannerghatta Road,1215.0,2.0,50.0,2,4115.22633744856
Kanakpura Road,900.0,2.0,46.0,2,5111.111111111111
Banashankari Stage III,1145.0,2.0,58.4,2,5100.436681222707
Chikka Banaswadi,1093.0,2.0,65.0,2,5946.935041171088
Babusapalaya,1213.0,2.0,41.39,3,3412.201154163232
Bannerghatta Road,1654.0,3.0,100.0,3,6045.949214026602
NGR Layout,1105.0,2.0,52.48,2,4749.321266968326
Babusapalaya,1611.0,2.0,66.0,3,4096.83426443203
Outer Ring Road East,1367.0,2.0,62.0,2,4535.479151426482
Devanahalli,1010.0,2.0,51.0,2,5049.504950495049
Kavika Layout,750.0,2.0,75.0,3,10000.0
Vinayaka Nagar,1535.0,3.0,95.0,3,6188.9250814332245
Anekal,620.0,2.0,22.0,2,3548.3870967741937
Horamavu Agara,982.0,2.0,47.65,2,4852.34215885947
Banashankari Stage II,1700.0,2.0,150.0,2,8823.529411764706
Whitefield,1330.0,2.0,71.0,2,5338.345864661655
JP Nagar,2500.0,3.0,135.0,3,5400.0
Poorna Pragna Layout,1475.0,2.0,58.99,3,3999.322033898305
Bhoganhalli,1410.0,3.0,65.0,3,4609.929078014185
Yelahanka New Town,440.0,1.0,16.5,1,3750.0
Yelahanka,1614.0,3.0,95.0,3,5885.9975216852545
Neeladri Nagar,1363.0,2.0,68.0,2,4988.994864269993
Kogilu,650.0,2.0,28.0,2,4307.692307692308
Dodda Kempaiah Layout,1015.0,2.0,45.0,2,4433.4975369458125
Horamavu Banaswadi,1156.0,2.0,46.0,2,3979.2387543252594
Hennur Busstop,1100.0,2.0,62.7,2,5700.0
KR Puram,1455.0,3.0,46.0,3,3161.512027491409
GB Palya,930.0,2.0,45.0,2,4838.709677419355
AMS Layout,1650.0,2.0,80.0,3,4848.484848484848
KR Puram,1200.0,2.0,90.0,2,7500.0
9th Block Jayanagar,700.0,1.0,150.0,1,21428.571428571428
Karuna Nagar,2900.0,3.0,135.0,4,4655.172413793103
Kadugodi,1890.0,4.0,127.0,3,6719.576719576719
Ashwathnagar,2197.0,4.0,280.0,3,12744.651797906236
Hebbal Kempapura,3522.0,3.0,380.0,3,10789.324247586599
Gaurava Nagar,1240.0,2.0,46.0,3,3709.6774193548385
HRBR Layout,1440.0,2.0,98.0,2,6805.555555555556
Kodichikkanahalli,650.0,1.0,38.0,1,5846.153846153846
Budigere,764.0,1.0,32.0,1,4188.48167539267
Sector 7 HSR Layout,900.0,4.0,90.0,5,10000.0
Raja Rajeshwari Nagar,1693.0,3.0,57.39,3,3389.84051978736
Hoodi,1445.0,3.0,65.0,3,4498.269896193771
Kanakpura Road,900.0,1.0,45.0,2,5000.0
Singasandra,1030.0,2.0,55.0,2,5339.805825242718
Yelahanka,1381.0,2.0,52.48,3,3800.1448225923245
Basapura,1100.0,2.0,60.0,2,5454.545454545455
Hoodi,1575.0,3.0,66.39,3,4215.238095238095
Thigalarapalya,1200.0,2.0,65.0,2,5416.666666666667
Begur Road,1200.0,2.0,43.2,2,3600.0
Kasturi Nagar,1080.0,2.0,80.0,2,7407.407407407408
Hebbal Kempapura,2280.0,5.0,200.0,5,8771.929824561403
Akshaya Nagar,1360.0,2.0,85.0,3,6250.0
Jakkur,1865.0,3.0,124.0,3,6648.793565683646
Sarjapur  Road,1157.0,2.0,75.0,3,6482.281763180639
Kammasandra,674.0,2.0,29.0,2,4302.670623145401
Whitefield,1405.0,2.0,78.0,3,5551.601423487545
Begur Road,1160.0,2.0,44.08,2,3800.0
Kengeri Satellite Town ( BDA SITE),1600.0,3.0,172.0,4,10750.0
Hebbal,1790.0,3.0,127.0,3,7094.972067039106
Electronic City,1128.0,2.0,65.65,2,5820.035460992909
Panathur,1180.0,2.0,70.0,2,5932.203389830508
AGS Layout,1450.0,2.0,85.0,3,5862.068965517241
Kengeri,340.0,1.0,10.0,1,2941.176470588235
Srinagar,2000.0,3.0,166.0,4,8300.0
Rachenahalli,1050.0,2.0,53.5,2,5095.238095238095
Varthur,1125.0,2.0,40.0,2,3555.5555555555557
Vittasandra,1246.0,2.0,68.0,2,5457.463884430176
HSR Layout,1372.0,2.0,61.0,2,4446.064139941691
Uttarahalli,1330.0,2.0,56.0,3,4210.526315789473
Binny Pete,2465.0,5.0,234.0,3,9492.90060851927
Dasarahalli,1300.0,2.0,55.0,2,4230.7692307692305
Brigade Road,1420.0,1.0,220.0,2,15492.957746478873
Bannerghatta,810.0,4.0,50.0,4,6172.83950617284
Channasandra,1065.0,2.0,35.0,2,3286.3849765258215
Hessarghatta,700.0,2.0,27.0,2,3857.1428571428573
Hebbal,687.325,2.0,42.72,2,6215.40028370858
Belathur,1050.0,2.0,45.0,2,4285.714285714285
Maruthi HBCS Layout,1250.0,3.0,39.5,3,3160.0
Electronic City,865.0,2.0,42.0,2,4855.491329479769
Uttarahalli,1200.0,2.0,44.0,2,3666.6666666666665
Srirampura,1756.0,3.0,100.0,3,5694.760820045558
Malleshwaram,750.0,8.0,150.0,9,20000.0
Yelahanka,628.0,1.0,24.0,1,3821.6560509554142
9th Phase JP Nagar,1200.0,6.0,195.0,7,16250.0
5th Phase JP Nagar,1207.0,2.0,63.0,2,5219.552609776305
Kalena Agrahara,1765.0,3.0,125.0,3,7082.152974504249
Electronic City,1130.0,2.0,32.64,2,2888.495575221239
Devanahalli Road,1532.0,3.0,92.0,3,6005.221932114882
Ejipura,1650.0,3.0,110.0,3,6666.666666666667
Horamavu Banaswadi,1200.0,4.0,105.0,4,8750.0
Bhoganhalli,804.1,2.0,69.09,2,8592.214898644446
Doddathoguru,1200.0,2.0,75.0,2,6250.0
Kengeri,1197.0,2.0,50.0,2,4177.109440267335
Green Woods Layout,1200.0,2.0,66.0,2,5500.0
Uttarahalli,1385.0,2.0,48.48,3,3500.361010830325
Craig Park Layout,1010.0,2.0,148.0,2,14653.465346534653
Whitefield,2225.0,3.0,115.0,3,5168.539325842697
Immadihalli,1180.0,2.0,48.0,2,4067.7966101694915
Banagiri Nagar,1525.0,2.0,122.0,3,8000.0
Ananth Nagar,1100.0,2.0,31.5,2,2863.6363636363635
Hiremath Layout,1435.0,3.0,70.0,3,4878.048780487805
Attibele,400.0,1.0,14.0,1,3500.0
Dommasandra,1200.0,2.0,50.0,2,4166.666666666667
Whitefield,1272.0,2.0,95.05,2,7472.4842767295595
Whitefield,1205.0,2.0,39.0,2,3236.514522821577
Kalena Agrahara,980.0,2.0,40.0,2,4081.6326530612246
Malleshpalya,1225.0,2.0,46.86,2,3825.3061224489797
Whitefield,1541.0,3.0,72.0,3,4672.290720311486
Ramagondanahalli,1610.0,2.0,111.0,3,6894.409937888198
Jalahalli,1694.0,2.0,125.0,2,7378.984651711924
Jnanabharathi Layout,600.0,3.0,75.0,3,12500.0
Kaggalipura,950.0,2.0,39.0,2,4105.263157894737
Muneshwara Nagar,1560.0,2.0,66.0,3,4230.7692307692305
Chandapura,1201.0,2.0,27.0,2,2248.1265611990007
Chandapura,1500.0,2.0,60.0,2,4000.0
Malleshpalya,1785.0,3.0,75.0,3,4201.680672268908
Raja Rajeshwari Nagar,1258.0,2.0,63.53,2,5050.079491255962
Electronic City,910.0,2.0,42.0,2,4615.384615384615
Thigalarapalya,1297.0,2.0,112.0,2,8635.312259059368
Kundalahalli,1291.0,2.0,49.0,2,3795.5073586367157
Chikkasandra,1070.0,2.0,42.0,2,3925.233644859813
Varthur,1012.0,2.0,66.5,2,6571.146245059289
Mahadevpura,1260.0,2.0,57.6,2,4571.428571428572
Sarjapur  Road,1282.0,2.0,72.0,2,5616.224648985959
Kanakpura Road,1843.0,3.0,92.15,3,5000.0
Bharath Housing Society Layout,2400.0,3.0,200.0,4,8333.333333333334
Chikka Tirupathi,3356.0,5.0,105.0,5,3128.7246722288437
Hebbal,2790.0,5.0,198.0,4,7096.774193548387
EPIP Zone,1330.0,2.0,86.98,2,6539.849624060151
Konanakunte,1400.0,2.0,73.0,3,5214.285714285715
Whitefield,1192.0,2.0,71.0,2,5956.375838926175
3rd Block Jayanagar,1000.0,2.0,130.0,2,13000.0
Thigalarapalya,1297.0,2.0,103.0,2,7941.403238242097
Sarjapur  Road,615.0,1.0,17.835,1,2900.0
Vijayanagar,1490.0,3.0,100.0,3,6711.4093959731545
Rayasandra,1373.0,3.0,72.0,3,5243.991260014566
7th Phase JP Nagar,1035.0,2.0,41.39,2,3999.0338164251207
Kadugodi,3750.0,4.0,210.0,4,5600.0
Doddakallasandra,1010.0,2.0,40.39,2,3999.009900990099
Sarjapur,1195.0,2.0,42.0,2,3514.644351464435
HSR Layout,1750.0,3.0,95.0,3,5428.571428571428
Malleshpalya,1052.0,2.0,50.0,2,4752.851711026616
Horamavu Banaswadi,1180.0,2.0,58.0,2,4915.254237288135
Padmanabhanagar,3680.0,4.0,440.0,5,11956.521739130434
Hormavu,2100.0,3.0,73.0,3,3476.190476190476
Hoodi,2863.0,4.0,140.0,4,4889.97555012225
Raja Rajeshwari Nagar,1128.0,2.0,38.24,2,3390.0709219858154
Ulsoor,2700.0,3.0,450.0,3,16666.666666666668
JP Nagar,1120.0,2.0,33.6,2,3000.0
HSR Layout,2424.0,3.0,90.0,3,3712.871287128713
Manjunatha Layout,1300.0,2.0,60.0,2,4615.384615384615
Kanakapura,1090.0,2.0,32.69,2,2999.0825688073396
Yelahanka,2710.0,3.0,251.0,3,9261.992619926199
Konanakunte Cross,3040.0,1.0,180.0,2,5921.0526315789475
Uttarahalli,1330.0,2.0,46.55,3,3500.0
Hosur Road,1427.0,2.0,80.63,3,5650.31534688157
Banjara Layout,1294.0,2.0,48.0,3,3709.4281298299848
Begur,1580.0,3.0,75.0,3,4746.835443037975
Uttarahalli,400.0,5.0,200.0,5,50000.0
Chikka Tirupathi,1808.0,4.0,80.27,3,4439.712389380531
Rajaji Nagar,3516.0,4.0,540.0,4,15358.361774744028
Parappana Agrahara,1194.0,2.0,47.0,2,3936.348408710218
Kanakpura Road,900.0,2.0,46.0,2,5111.111111111111
Abbaiah Reddy Layout,1310.0,2.0,50.0,3,3816.793893129771
Kanakpura Road,900.0,2.0,46.0,2,5111.111111111111
Singasandra,3850.0,6.0,195.0,4,5064.935064935065
Kogilu,925.0,7.0,88.0,7,9513.513513513513
Yelachenahalli,2400.0,1.0,150.0,2,6250.0
Koramangala,1290.0,2.0,100.0,2,7751.937984496124
Yelahanka,3770.0,6.0,110.0,6,2917.7718832891246
Lakshmi Layout,1390.0,3.0,120.0,3,8633.093525179856
Tavarekere,1200.0,4.0,72.0,4,6000.0
Bisuvanahalli,845.0,2.0,33.0,2,3905.3254437869823
Yelahanka,1537.0,3.0,120.0,3,7807.417046193884
Immadihalli,1135.0,2.0,68.0,2,5991.1894273127755
Hoodi,1512.0,3.0,75.77,3,5011.243386243386
Srinivasa Nagar,900.0,2.0,55.0,2,6111.111111111111
Jigani,1230.0,3.0,54.0,3,4390.243902439024
Thirumenahalli,1378.0,2.0,42.33,3,3071.843251088534
Whitefield,1277.0,2.0,61.3,2,4800.313234142522
Hebbal,1985.0,4.0,189.0,3,9521.410579345089
Kengeri,8000.0,5.0,500.0,5,6250.0
KPC Layout,1210.0,2.0,62.0,2,5123.966942148761
Yelahanka,890.0,2.0,40.0,2,4494.38202247191
JP Nagar,2550.0,9.0,360.0,9,14117.64705882353
Sarjapur,1200.0,5.0,110.0,4,9166.666666666666
Ardendale,3198.0,4.0,200.0,4,6253.908692933083
HOSUR MAIN ROAD,1464.0,3.0,56.0,3,3825.136612021858
Hebbal,2483.0,5.0,215.0,4,8658.880386629078
Begur,1550.0,4.0,130.0,4,8387.09677419355
Sarjapur  Road,4111.0,4.0,310.0,4,7540.744344441741
Electronic City,975.0,2.0,37.5,2,3846.153846153846
Nandi Durga Road,2500.0,3.0,250.0,3,10000.0
Rajiv Nagar,1690.0,3.0,125.0,3,7396.449704142012
Hosa Road,1063.0,2.0,31.89,2,3000.0
Cooke Town,2572.0,3.0,390.0,3,15163.297045101088
Kumara Park,2200.0,4.0,350.0,3,15909.09090909091
Daadys Gaarden Layout,1600.0,3.0,80.0,3,5000.0
Maruthi Nagar,1250.0,3.0,39.5,3,3160.0
Bommanahalli,520.0,1.0,19.5,1,3750.0
Marathahalli,4000.0,5.0,212.0,4,5300.0
Munnekollal,1390.0,3.0,68.0,3,4892.086330935252
Whitefield,1185.0,2.0,40.0,2,3375.5274261603377
Sahakara Nagar,1219.0,2.0,48.0,2,3937.653814602133
Kudlu Gate,1564.0,2.0,92.0,3,5882.35294117647
Sarjapur  Road,3430.0,6.0,228.5,4,6661.807580174927
Hosa Road,1100.0,2.0,37.1,2,3372.7272727272725
Kothannur,1300.0,2.0,60.0,3,4615.384615384615
Chikkabanavar,1600.0,2.0,80.0,3,5000.0
Ramamurthy Nagar,1600.0,3.0,75.0,3,4687.5
Hennur Road,1482.0,2.0,92.0,3,6207.827260458839
Marsur,1000.0,4.0,66.0,3,6600.0
Shampura,1200.0,2.0,53.0,2,4416.666666666667
Gubbalala,600.0,3.0,75.0,3,12500.0
Kengeri,1200.0,2.0,58.0,2,4833.333333333333
Kereguddadahalli,600.0,4.0,60.0,6,10000.0
Nagarbhavi,2400.0,3.0,160.0,3,6666.666666666667
Marathahalli,1469.0,3.0,89.0,3,6058.543226684819
Kanakapura,551.0,1.0,30.0,1,5444.64609800363
Electronics City Phase 1,1160.0,2.0,52.0,2,4482.758620689655
Balagere,1205.0,2.0,78.5,2,6514.522821576764
Kasavanhalli,1550.0,2.0,52.0,3,3354.8387096774195
Gubbalala,1745.0,3.0,125.0,3,7163.323782234957
AECS Layout,1028.0,2.0,42.0,2,4085.603112840467
Frazer Town,1700.0,3.0,180.0,3,10588.235294117647
Karuna Nagar,1200.0,2.0,34.0,3,2833.3333333333335
Kodihalli,2700.0,4.0,270.0,3,10000.0
Kallumantapa,1100.0,2.0,50.0,2,4545.454545454545
Ramamurthy Nagar,1200.0,3.0,72.0,2,6000.0
Kaverappa Layout,1269.72,2.0,68.0,2,5355.511451343603
Electronic City Phase II,1266.0,2.0,59.0,2,4660.347551342812
Mysore Road,1060.0,2.0,62.0,2,5849.056603773585
Malimakanapura,1168.0,3.0,70.0,3,5993.1506849315065
Medahalli,1552.0,2.0,51.0,2,3286.082474226804
Talaghattapura,2038.5,3.0,120.0,3,5886.681383370125
Attibele,500.0,1.0,17.0,1,3400.0
Hulimavu,1080.0,2.0,43.2,2,4000.0
Kattigenahalli,2100.0,4.0,155.0,4,7380.952380952381
Rustam Bagh Layout,1300.0,2.0,65.0,2,5000.0
Electronics City Phase 1,920.0,2.0,33.0,2,3586.9565217391305
New Thippasandra,817.0,2.0,120.0,4,14687.882496940025
Harlur,1310.0,2.0,50.0,2,3816.793893129771
Horamavu Agara,1650.0,2.0,75.0,3,4545.454545454545
Garden Layout,1515.0,3.0,93.93,3,6200.0
Raja Rajeshwari Nagar,1157.0,2.0,53.8,2,4649.956784788245
Viswapriyanagar.begur Road.bommanahalli.,2400.0,5.0,85.0,4,3541.6666666666665
Konanakunte,3000.0,4.0,160.0,4,5333.333333333333
Basavangudi,2200.0,2.0,162.0,3,7363.636363636364
"Hoodi Circle, ",1243.0,2.0,58.0,2,4666.130329847144
Rachenahalli,1530.0,2.0,74.39,3,4862.091503267974
Judicial Layout,2070.0,3.0,162.0,3,7826.086956521739
Yelahanka,1815.0,3.0,82.0,3,4517.906336088155
Sarjapur  Road,3900.0,4.0,300.0,4,7692.307692307692
Electronic City Phase II,1000.0,2.0,28.88,2,2888.0
Ananth Nagar,982.0,2.0,24.55,2,2500.0
Hennur Road,1232.0,2.0,89.0,2,7224.025974025974
Binny Pete,1282.0,3.0,178.0,3,13884.555382215289
Yelahanka,654.0,1.0,38.4,1,5871.559633027523
Bannerghatta Road,1181.0,2.0,55.0,2,4657.070279424217
Bisuvanahalli,1075.0,2.0,45.0,3,4186.046511627907
2nd Stage Nagarbhavi,1200.0,4.0,245.0,4,20416.666666666668
T K Reddy Layout,1616.0,3.0,75.0,3,4641.089108910891
Herohalli,1800.0,6.0,44.5,5,2472.222222222222
Kumbena Agrahara,1200.0,4.0,135.0,6,11250.0
Whitefield,1306.0,3.0,54.65,3,4184.532924961715
Whitefield,1626.0,3.0,89.0,3,5473.554735547355
"Pai layout , Mahadevapura",2700.0,4.0,214.0,6,7925.925925925926
Whitefield,1585.0,3.0,88.0,3,5552.05047318612
7th Phase JP Nagar,1370.0,2.0,56.17,2,4100.0
Whitefield,3250.0,5.0,900.0,5,27692.30769230769
Kanakpura Road,1495.0,2.0,90.0,2,6020.066889632107
frazertown,2000.0,3.0,210.0,3,10500.0
Akshayanagara East,2400.0,4.0,300.0,5,12500.0
Bannerghatta,1375.0,3.0,57.0,3,4145.454545454545
Old Madras Road,3715.0,6.0,224.5,4,6043.06864064603
Kereguddadahalli,1400.0,2.0,48.0,3,3428.5714285714284
Kadugodi,1100.0,5.0,135.0,5,12272.727272727272
Hebbal Kempapura,1200.0,4.0,215.0,4,17916.666666666668
Yelahanka,1150.0,2.0,46.0,2,4000.0
Hebbal,1080.0,2.0,54.0,2,5000.0
Kaikondrahalli,1645.0,3.0,100.0,3,6079.0273556231
Doddanekundi,1760.0,3.0,176.0,3,10000.0
Venkatadri Layout,595.0,1.0,42.0,1,7058.823529411765
Bommenahalli,1200.0,3.0,125.0,3,10416.666666666666
JP Nagar,4624.5,4.0,314.5,4,6800.735214617796
Mahaganapathy Nagar,1410.0,2.0,67.0,2,4751.77304964539
Huskur,1090.0,2.0,31.48,2,2888.0733944954127
Ramagondanahalli,540.0,1.0,30.0,1,5555.555555555556
Sarjapur  Road,1300.0,2.0,60.0,2,4615.384615384615
9th Phase JP Nagar,1890.0,2.0,85.0,3,4497.354497354498
Belathur,1254.0,2.0,53.0,2,4226.475279106858
Kattigenahalli,2800.0,7.0,125.0,7,4464.285714285715
Ulsoor,1275.0,2.0,120.0,2,9411.764705882353
Kathriguppe,1245.0,2.0,68.48,3,5500.401606425703
Rustam Bagh Layout,1170.0,2.0,86.0,2,7350.427350427351
Panathur,1193.0,2.0,86.0,2,7208.717518860017
Chandapura,850.0,2.0,25.4,2,2988.235294117647
Marathahalli,1678.0,3.0,70.0,3,4171.6328963051255
Gunjur,1600.0,3.0,75.0,3,4687.5
Electronics City Phase 1,1750.0,3.0,84.0,3,4800.0
Whitefield,1125.0,2.0,62.0,2,5511.111111111111
Andrahalli,2200.0,4.0,235.0,4,10681.818181818182
HBR Layout,2800.0,2.0,200.0,3,7142.857142857143
R.T. Nagar,1200.0,2.0,120.0,2,10000.0
Vittal Nagar,1000.0,2.0,50.0,2,5000.0
Sadashiva Nagar,2780.0,5.0,480.0,4,17266.187050359713
Electronic City Phase II,1320.0,2.0,38.13,3,2888.636363636364
2Electronic City Phase II,8000.0,27.0,230.0,27,2875.0
Ardendale,2422.0,4.0,160.0,4,6606.110652353427
Kasavanhalli,1100.0,2.0,50.0,2,4545.454545454545
Uttarahalli,882.0,2.0,30.0,2,3401.360544217687
Bisuvanahalli,845.0,2.0,37.0,2,4378.698224852071
Kambipura,883.0,2.0,39.0,2,4416.761041902605
Brookefield,1595.0,3.0,88.0,3,5517.241379310345
Whitefield,1280.0,2.0,85.0,2,6640.625
3rd Block Banashankari,1700.0,2.0,550.0,4,32352.941176470587
Bhuvaneshwari Nagar,920.0,2.0,35.0,2,3804.3478260869565
Choodasandra,1300.0,2.0,57.0,2,4384.615384615385
Shanthala Nagar,1450.0,1.0,230.0,2,15862.068965517241
Harlur,1757.0,3.0,132.0,3,7512.805919180421
Anekal,600.0,1.0,16.5,1,2750.0
Jnanabharathi Layout,2400.0,3.0,142.0,4,5916.666666666667
Sarjapur,1240.0,2.0,44.0,2,3548.3870967741937
Kadarenahalli,750.0,10.0,90.0,10,12000.0
EPIP Zone,1330.0,2.0,93.36,2,7019.548872180451
8th Phase JP Nagar,1062.0,2.0,42.47,2,3999.0583804143125
JP Nagar,1078.0,2.0,45.0,2,4174.397031539888
Bannerghatta Road,1460.0,2.0,72.0,3,4931.506849315068
Whitefield,1200.0,3.0,68.5,3,5708.333333333333
Laggere,1200.0,1.0,48.0,1,4000.0
Kammasandra,912.0,2.0,39.0,3,4276.315789473684
Victoria Layout,2400.0,5.0,625.0,5,26041.666666666668
Prithvi Layout,2028.0,4.0,162.0,4,7988.165680473373
Mysore Road,980.0,2.0,45.47,2,4639.7959183673465
Sarjapur  Road,1000.0,2.0,40.0,2,4000.0
Sarjapur  Road,1050.0,2.0,62.0,2,5904.761904761905
Bannerghatta,2611.0,3.0,239.0,3,9153.581003446956
Domlur,1875.0,2.0,150.0,3,8000.0
Hennur Road,1065.0,2.0,42.6,2,4000.0
Sanjay nagar,1800.0,3.0,180.0,3,10000.0
Sector 7 HSR Layout,1163.0,2.0,98.86,2,8500.42992261393
Tumkur Road,1098.0,2.0,72.0,2,6557.377049180328
5th Phase JP Nagar,1725.0,2.0,100.0,3,5797.101449275362
Whitefield,4000.0,4.0,330.0,4,8250.0
Thubarahalli,1128.0,2.0,75.0,2,6648.936170212766
Subramanyanagar,1320.0,6.0,200.0,8,15151.515151515152
Yelahanka,1705.0,3.0,74.16,3,4349.560117302053
Thigalarapalya,1418.0,2.0,95.0,2,6699.576868829337
Ramamurthy Nagar,1500.0,3.0,160.0,3,10666.666666666666
Hebbal,1100.0,2.0,50.0,2,4545.454545454545
KUDLU MAIN ROAD,1464.0,3.0,56.0,3,3825.136612021858
Hebbal,812.0,2.0,55.0,2,6773.399014778325
Doddanekundi,1280.0,2.0,40.0,2,3125.0
Whitefield,1420.0,2.0,136.0,2,9577.464788732394
1 Ramamurthy Nagar,1200.0,11.0,170.0,11,14166.666666666666
Kadugondanahalli,727.0,6.0,66.0,6,9078.40440165062
Banashankari Stage II,1200.0,2.0,150.0,4,12500.0
Old Airport Road,2774.0,4.0,207.0,4,7462.148521989906
5th Stage BEML Layout,2000.0,3.0,85.0,3,4250.0
HBR Layout,1722.0,3.0,95.0,3,5516.8408826945415
Indira Nagar,2800.0,3.0,330.0,3,11785.714285714286
Jaya Mahal layout,1650.0,3.0,175.0,3,10606.060606060606
BSM Extension,840.0,2.0,27.0,2,3214.285714285714
Jigani,914.0,2.0,47.0,2,5142.231947483589
Hennur Road,1482.0,2.0,83.73,3,5649.797570850203
Kundalahalli,1724.0,3.0,127.0,3,7366.589327146172
Vijinapura,1670.0,3.0,91.86,3,5500.5988023952095
Banaswadi,1184.0,2.0,53.0,2,4476.351351351352
Kodigehaali,1200.0,2.0,55.0,2,4583.333333333333
TC Palaya,1200.0,2.0,65.0,2,5416.666666666667
Jigani,927.0,2.0,55.0,2,5933.117583603021
P&T Layout,1242.0,2.0,39.7,2,3196.45732689211
Electronic City Phase II,1220.0,3.0,35.23,3,2887.7049180327863
Electronic City,1360.0,2.0,75.0,3,5514.705882352941
Brookefield,2800.0,4.0,240.0,4,8571.42857142857
7th Phase JP Nagar,1180.0,2.0,72.0,2,6101.6949152542375
Whitefield,1697.0,3.0,108.0,3,6364.172068355922
Yelahanka New Town,550.0,2.0,26.0,2,4727.272727272727
Hennur,1225.0,2.0,57.0,2,4653.061224489796
Byrasandra,1690.0,2.0,55.0,3,3254.437869822485
SBM Colony,1660.0,10.0,475.0,10,28614.4578313253
Veerannapalya,1488.0,3.0,57.0,3,3830.6451612903224
Chowdeshwari Layout,1250.0,2.0,80.0,3,6400.0
JP Nagar,1050.0,1.0,44.0,1,4190.476190476191
HSR Layout,1027.0,2.0,44.0,2,4284.323271665044
Kanakpura Road,1699.0,3.0,81.94,3,4822.836962919364
Whitefield,1205.0,2.0,58.0,2,4813.278008298756
Mathikere Extension,712.0,2.0,67.5,4,9480.337078651686
Horamavu Agara,950.0,2.0,39.0,2,4105.263157894737
TC Palaya,1200.0,2.0,70.0,2,5833.333333333333
Akshaya Nagar,1476.0,3.0,120.0,3,8130.081300813008
CV Raman Nagar,1070.0,2.0,55.0,2,5140.186915887851
EPIP Zone,2160.0,4.0,172.0,3,7962.962962962963
Sector 2 HSR Layout,1296.0,2.0,75.0,2,5787.037037037037
Chikkalasandra,1800.0,1.0,128.0,2,7111.111111111111
Kanakpura Road,1570.0,3.0,64.5,3,4108.28025477707
Koramangala,1300.0,2.0,110.0,2,8461.538461538461
Sarjapur,1550.0,2.0,65.0,4,4193.548387096775
Electronic City,770.0,1.0,40.0,2,5194.805194805195
Jalahalli,1870.0,3.0,110.0,3,5882.35294117647
Anantapura,1650.0,4.0,160.0,3,9696.969696969696
Domlur,1429.0,3.0,86.0,3,6018.194541637508
Babusapalaya,1167.0,2.0,39.98,3,3425.8783204798624
Bommasandra,1035.0,2.0,41.73,2,4031.884057971014
Kengeri,1188.0,2.0,38.0,3,3198.6531986531986
2nd Stage Nagarbhavi,1200.0,4.0,285.0,5,23750.0
Nagarbhavi,884.0,2.0,36.0,1,4072.398190045249
Haralur Road,1194.0,2.0,46.0,2,3852.5963149078725
Hoodi,1026.0,2.0,60.87,2,5932.748538011696
Shivaji Nagar,1400.0,6.0,200.0,7,14285.714285714286
Kaikondrahalli,1115.0,2.0,50.0,2,4484.304932735426
Hebbal Kempapura,1200.0,2.0,125.0,2,10416.666666666666
Old Airport Road,2690.0,4.0,191.0,4,7100.371747211896
Subramanyapura,975.0,2.0,58.0,2,5948.717948717948
Hosa Road,675.0,3.0,72.5,3,10740.74074074074
Chamrajpet,1900.0,2.0,170.0,4,8947.368421052632
Banashankari,600.0,3.0,100.0,3,16666.666666666668
OMBR Layout,1101.0,2.0,65.5,2,5949.13714804723
Sarjapur  Road,1700.0,3.0,135.0,3,7941.176470588235
Whitefield,3606.0,4.0,312.0,4,8652.246256239601
Padmanabhanagar,1258.0,2.0,115.0,2,9141.494435612083
Kanakpura Road,1560.0,3.0,92.0,3,5897.4358974358975
Old Madras Road,3630.0,6.0,195.0,4,5371.900826446281
JP Nagar,2000.0,3.0,250.0,3,12500.0
Hebbal,2790.0,4.0,198.0,4,7096.774193548387
Badavala Nagar,1494.0,2.0,94.55,3,6328.647925033467
Hennur Road,1482.0,2.0,87.0,3,5870.4453441295545
Rustam Bagh Layout,800.0,2.0,50.0,2,6250.0
Raja Rajeshwari Nagar,1185.0,2.0,47.39,2,3999.15611814346
Hulimavu,1100.0,2.0,71.5,2,6500.0
NRI Layout,1300.0,2.0,120.0,2,9230.76923076923
4th Block Koramangala,1225.0,2.0,150.0,2,12244.897959183674
Hulimavu,1758.0,3.0,65.0,3,3697.3833902161546
Banaswadi,1145.0,2.0,55.0,2,4803.493449781659
Hormavu,1180.0,2.0,50.0,2,4237.28813559322
Belatur,1260.0,2.0,58.0,2,4603.174603174603
Arekere,1190.0,2.0,55.0,2,4621.848739495798
Sarjapur  Road,1691.0,3.0,119.0,3,7037.25606150207
Lalbagh Road,3675.0,4.0,367.0,4,9986.394557823129
Frazer Town,1305.0,3.0,95.45,3,7314.176245210728
Basavangudi,2337.0,4.0,292.0,3,12494.651262302097
Kamakya Layout,1200.0,2.0,150.0,2,12500.0
Domlur,1206.0,2.0,217.0,2,17993.366500829186
Vignana Nagar,1350.0,4.0,130.0,5,9629.62962962963
Kogilu,1140.0,2.0,50.66,2,4443.859649122807
Nallurhalli,1250.0,2.0,65.0,2,5200.0
Kamakshipalya,600.0,2.0,60.0,3,10000.0
Chinnapanahalli,1225.0,2.0,48.0,2,3918.3673469387754
Kereguddadahalli,800.0,2.0,28.0,2,3500.0
Jalahalli East,1020.0,2.0,58.0,2,5686.274509803921
TC Palaya,2100.0,2.0,50.0,4,2380.9523809523807
Lingarajapuram,1350.0,2.0,80.0,2,5925.925925925926
Anekal,925.0,2.0,40.0,2,4324.324324324324
Yelachenahalli,1800.0,3.0,220.0,4,12222.222222222223
3rd Block HBR Layout,2000.0,3.0,100.0,3,5000.0
Frazer Town,1510.0,2.0,75.0,3,4966.887417218543
Kasavanhalli,5800.0,7.0,1200.0,5,20689.655172413793
Laxmi Sagar Layout,1614.0,3.0,110.0,3,6815.365551425031
Yeshwanthpur,682.0,2.0,130.0,3,19061.58357771261
Gottigere,1200.0,2.0,95.0,2,7916.666666666667
TC Palaya,900.0,2.0,55.0,2,6111.111111111111
Bommenahalli,1632.0,3.0,145.0,4,8884.803921568628
OMBR Layout,1041.0,2.0,65.5,2,6292.026897214217
7th Phase JP Nagar,5080.0,7.0,450.0,6,8858.267716535433
Bannerghatta,3012.0,6.0,250.0,4,8300.132802124834
Marathahalli,1530.0,3.0,74.5,3,4869.281045751634
Sector 2 HSR Layout,1450.0,2.0,135.0,3,9310.344827586207
Bannerghatta Road,1200.0,2.0,75.0,2,6250.0
Sahakara Nagar,1200.0,4.0,130.0,4,10833.333333333334
Hosur Road,1508.0,2.0,110.0,3,7294.429708222811
New Gurappana Palya,600.0,7.0,106.0,7,17666.666666666668
Dodda Nekkundi Extension,1188.0,2.0,73.0,2,6144.781144781145
Old Airport Road,2690.0,4.0,199.0,4,7397.769516728625
Harlur,1174.0,2.0,76.0,2,6473.594548551959
Old Madras Road,1350.0,3.0,58.99,3,4369.62962962963
Frazer Town,1870.0,3.0,185.0,3,9893.048128342247
Kengeri Satellite Town,1072.0,2.0,25.0,2,2332.089552238806
Nelamangala,52272.0,2.0,140.0,3,267.82981328435875
Kengeri,726.0,2.0,31.0,2,4269.972451790633
Hosur Road,1345.0,2.0,106.0,2,7881.0408921933085
Begur Road,1200.0,2.0,45.0,2,3750.0
Nagavarapalya,980.0,2.0,37.0,2,3775.5102040816328
Hormavu,1050.0,2.0,77.0,2,7333.333333333333
Uttarahalli,993.0,2.0,39.71,2,3998.9929506545823
7th Phase JP Nagar,1300.0,2.0,52.0,3,4000.0
Vittasandra,1743.0,3.0,85.0,3,4876.649454962708
Whitefield,1204.0,4.0,125.0,4,10382.059800664452
Hormavu,1200.0,2.0,67.0,2,5583.333333333333
2nd Block Hrbr Layout,1480.0,3.0,90.0,3,6081.081081081081
Sarjapur,950.0,2.0,32.5,2,3421.0526315789475
Domlur,640.0,1.0,55.0,1,8593.75
Electronic City Phase II,972.0,2.0,44.0,2,4526.748971193416
Marathahalli,1840.0,3.0,98.0,3,5326.086956521739
Electronic City,1128.0,2.0,64.0,2,5673.758865248227
Hongasandra,680.0,2.0,42.0,2,6176.470588235294
Harappanahalli,2400.0,2.0,95.0,2,3958.3333333333335
Basapura,1045.0,2.0,42.0,2,4019.1387559808613
Roopena Agrahara,955.0,2.0,53.55,2,5607.3298429319375
Doddakallasandra,1360.0,2.0,54.39,3,3999.264705882353
BTM Layout,1150.0,2.0,63.0,2,5478.260869565217
Hennur Road,3450.0,4.0,294.0,4,8521.739130434782
Chennammana Kere,1115.0,2.0,56.87,2,5100.448430493274
Jigani,920.0,2.0,46.0,2,5000.0
Bommasandra Industrial Area,1030.0,2.0,41.0,2,3980.5825242718447
Thanisandra,1564.0,3.0,101.0,3,6457.800511508952
Uttarahalli,1045.0,2.0,45.0,2,4306.2200956937795
Hegde Nagar,1200.0,4.0,83.0,4,6916.666666666667
Subramanyapura,1277.0,2.0,55.0,2,4306.969459671104
Kanaka Nagar,2479.13,3.0,215.0,3,8672.39717158842
Sarjapur  Road,1846.0,3.0,140.0,3,7583.965330444204
Tasker Town,1100.0,2.0,106.0,2,9636.363636363636
Govindpura,1690.0,3.0,75.0,3,4437.869822485207
Hormavu,1200.0,3.0,70.0,2,5833.333333333333
Yelahanka,3042.0,4.0,131.0,4,4306.37738330046
Rajaji Nagar,1640.0,3.0,223.0,3,13597.560975609756
NR Colony,1068.0,2.0,40.05,2,3749.9999999999995
Kanakpura Road,1135.0,2.0,58.0,2,5110.132158590309
Agara Village,1925.0,3.0,120.0,3,6233.766233766234
Begur Road,1615.0,3.0,60.0,3,3715.170278637771
Shettigere,650.0,1.0,26.0,1,4000.0
Chikkasandra,1200.0,9.0,120.0,9,10000.0
Kaggadasapura,1150.0,2.0,42.0,2,3652.1739130434785
Kothannur,930.0,6.0,135.0,6,14516.129032258064
Kenchanehalli R R Nagar,1410.0,2.0,45.12,3,3200.0
6th Phase JP Nagar,600.0,2.0,100.0,3,16666.666666666668
Kumara Park,2000.0,3.0,207.0,3,10350.0
Tumkur Road,1354.0,3.0,90.0,3,6646.971935007386
BEL Road,1050.0,2.0,110.0,2,10476.190476190477
Arekere,600.0,1.0,28.0,1,4666.666666666667
Varthur,1320.0,2.0,110.0,4,8333.333333333334
Koramangala,1600.0,3.0,88.0,3,5500.0
Kanakpura Road,3500.0,6.0,225.0,4,6428.571428571428
GM Palaya,1000.0,2.0,36.0,2,3600.0
Byagadadhenahalli,1130.0,3.0,38.0,3,3362.83185840708
Vittasandra,1238.0,2.0,67.0,2,5411.954765751211
Ashwathnagar,2204.0,2.0,305.0,3,13838.47549909256
KR Puram,1200.0,12.0,110.0,8,9166.666666666666
Kudlu Gate,1364.0,2.0,46.38,3,3400.293255131965
Srinivasa Nagar,900.0,2.0,45.0,2,5000.0
Gubbalala,1745.0,3.0,104.0,3,5959.885386819485
Kogilu,1200.0,2.0,53.33,2,4444.166666666667
Kanakapura,1020.0,2.0,42.83,2,4199.019607843137
Banashankari Stage III,1650.0,3.0,118.0,3,7151.515151515152
Doddabommasandra,1550.0,2.0,70.0,3,4516.129032258064
5th Phase JP Nagar,1440.0,2.0,60.0,2,4166.666666666667
Sarjapura - Attibele Road,1329.0,2.0,45.95,3,3457.486832204665
Maruthi Layout,916.0,2.0,42.0,2,4585.152838427947
Hulimavu,688.0,1.0,50.0,1,7267.441860465116
Sree Narayana Nagar,1358.0,3.0,50.0,3,3681.8851251840942
Kanakpura Road,1331.0,2.0,107.0,2,8039.068369646882
Malleshwaram,686.0,1.0,62.5,1,9110.787172011662
Hoodi,1050.0,2.0,50.0,2,4761.9047619047615
Talaghattapura,2106.0,3.0,126.0,3,5982.9059829059825
Bhoganhalli,1718.0,3.0,90.2,3,5250.291036088475
Raja Rajeshwari Nagar,1530.0,3.0,57.0,3,3725.4901960784314
5th Block Hbr Layout,1206.0,2.0,56.0,2,4643.449419568822
Hebbal,1075.0,2.0,52.0,2,4837.209302325581
Sarjapur  Road,1200.0,3.0,95.0,3,7916.666666666667
Tunganagara,1936.0,2.0,54.21,3,2800.103305785124
Nagavara,2172.65,3.0,120.0,4,5523.208984419948
Sahakara Nagar,1100.0,2.0,75.0,3,6818.181818181818
BTM 2nd Stage,1260.0,5.0,185.0,3,14682.539682539682
Hongasandra,990.0,12.0,120.0,8,12121.212121212122
Jalahalli East,800.0,2.0,80.0,3,10000.0
Sarjapur  Road,1117.0,2.0,29.99,2,2684.870188003581
Remco Bhel Layout,1685.0,2.0,110.0,3,6528.189910979228
CV Raman Nagar,740.0,2.0,37.0,2,5000.0
Chamrajpet,1080.0,4.0,250.0,4,23148.14814814815
Magadi Road,1500.0,2.0,93.0,4,6200.0
Banashankari,1800.0,3.0,115.0,3,6388.888888888889
Yelachenahalli,1700.0,3.0,130.0,3,7647.058823529412
Uttarahalli,850.0,2.0,37.93,2,4462.35294117647
Hennur Road,1891.0,3.0,139.0,3,7350.608143839238
Jalahalli,1400.0,1.0,80.0,2,5714.285714285715
Lakshminarayana Pura,1172.0,2.0,82.0,2,6996.587030716723
Electronic City Phase II,1400.0,2.0,40.43,3,2887.8571428571427
Sonnenahalli,896.0,2.0,43.75,2,4882.8125
Vijayanagar,1180.0,2.0,65.0,2,5508.474576271186
Basaveshwara Nagar,2460.0,7.0,350.0,7,14227.642276422765
Chokkasandra,850.0,2.0,33.0,2,3882.3529411764707
Anekal,530.0,1.0,18.0,1,3396.2264150943397
2nd Block Hrbr Layout,1550.0,3.0,110.0,3,7096.774193548387
Kanakapura,1699.0,3.0,97.0,3,5709.240729841083
Bellandur,2025.0,4.0,109.0,4,5382.716049382716
Ananth Nagar,500.0,2.0,14.0,1,2800.0
Panduranga Nagar,500.0,1.0,20.0,1,4000.0
Sri Venkateshpura Layout,1146.0,2.0,38.5,2,3359.5113438045373
Malleshwaram,2475.0,4.0,332.0,3,13414.141414141413
Haralur Road,1455.0,2.0,145.0,2,9965.635738831616
Seegehalli,800.0,1.0,50.0,2,6250.0
Abbigere,765.0,2.0,30.0,1,3921.5686274509803
Lingadheeranahalli,1521.0,3.0,94.99,3,6245.233399079553
Gottigere,1600.0,2.0,55.0,3,3437.5
Byadarahalli,3155.0,4.0,370.0,3,11727.41679873217
Hebbal Kempapura,2900.0,4.0,240.0,3,8275.862068965518
Jakkur Plantation,1765.0,3.0,105.0,3,5949.008498583569
Kasavanhalli,1980.0,3.0,88.0,3,4444.444444444444
Amruthahalli,1900.0,3.0,135.0,3,7105.263157894737
Kaverappa Layout,1265.0,2.0,70.0,2,5533.596837944664
Bommasandra,1034.0,2.0,40.0,2,3868.4719535783365
Kaverappa Layout,1012.0,2.0,59.0,2,5830.0395256917
Electronic City,1070.0,2.0,54.0,2,5046.728971962617
Mahadevpura,3555.0,4.0,230.0,4,6469.760900140647
5th Block Hbr Layout,1270.0,2.0,70.0,3,5511.811023622047
Yeshwanthpur,585.0,1.0,70.0,2,11965.811965811965
Doddanekundi,2045.0,4.0,154.0,3,7530.562347188264
Bellandur,1490.0,2.0,98.0,3,6577.181208053691
Banaswadi,6150.0,6.0,830.0,7,13495.934959349594
Mysore Road,883.0,2.0,40.0,2,4530.011325028313
Yeshwanthpur,671.0,1.0,36.85,1,5491.803278688524
Kammasandra,1156.0,2.0,32.0,2,2768.166089965398
Haralur Road,2017.0,3.0,125.0,3,6197.322756569162
Thigalarapalya,3122.0,6.0,235.0,4,7527.226137091608
Ramagondanahalli,1635.0,3.0,62.0,3,3792.0489296636088
Sir M V Nagar,4400.0,9.0,120.0,7,2727.2727272727275
Kanakpura Road,1296.0,2.0,89.0,2,6867.283950617284
Bikasipura,2400.0,4.0,280.0,6,11666.666666666666
Budigere,1139.0,2.0,62.0,2,5443.371378402107
CV Raman Nagar,1230.0,3.0,47.0,2,3821.1382113821137
Basaveshwara Nagar Yelahanka,581.91,2.0,25.0,1,4296.197006409926
Binny Pete,1245.0,2.0,86.28,2,6930.120481927711
Sidedahalli,1158.0,2.0,85.0,3,7340.241796200346
Marathahalli,3951.0,4.0,220.0,4,5568.2105796001015
Electronic City,550.0,1.0,15.0,2,2727.2727272727275
Ramamurthy Nagar,360.0,1.0,26.0,1,7222.222222222223
Electronics City Phase 1,1350.0,3.0,55.0,3,4074.074074074074
Green Glen Layout,1670.0,3.0,120.0,3,7185.62874251497
Akshaya Nagar,1600.0,2.0,65.0,3,4062.5
Horamavu Banaswadi,1307.0,2.0,51.6,2,3947.972456006121
7th Phase JP Nagar,1050.0,2.0,57.0,3,5428.571428571428
Hennur Road,1703.0,3.0,101.0,3,5930.710510863182
Kaggalipura,1210.0,2.0,58.0,3,4793.388429752066
Electronic City,1025.0,2.0,29.6,2,2887.8048780487807
Haralur Road,1140.0,2.0,43.0,2,3771.9298245614036
7th Phase JP Nagar,1343.0,2.0,56.41,3,4200.297840655249
R.T. Nagar,1560.0,3.0,85.0,3,5448.717948717948
Kalkere,925.0,2.0,51.0,2,5513.513513513513
Kanakpura Road,1420.0,2.0,75.0,3,5281.69014084507
1st Block Koramangala,1415.0,2.0,110.0,2,7773.851590106007
Shree Ananth Nagar Layout,1210.0,2.0,60.0,2,4958.677685950413
Yeshwanthpur,1852.0,3.0,160.0,3,8639.308855291576
Hoskote,1250.0,3.0,50.0,3,4000.0
9th Phase JP Nagar,1100.0,2.0,65.0,2,5909.090909090909
2nd Phase Judicial Layout,1150.0,2.0,40.25,2,3500.0
Jakkur,1100.0,2.0,53.35,2,4850.0
Magadi Road,1350.0,1.0,100.0,2,7407.407407407408
Panathur,1546.0,3.0,99.0,3,6403.622250970246
Ambedkar Nagar,1424.0,2.0,90.0,2,6320.224719101124
Bellandur,1398.0,3.0,68.0,3,4864.0915593705295
Indira Nagar,1650.0,3.0,200.0,3,12121.212121212122
HBR Layout,1200.0,4.0,120.0,4,10000.0
Brookefield,1476.0,3.0,105.0,3,7113.821138211382
Attiguppe,500.0,2.0,70.0,2,14000.0
Magadi Road,1322.0,2.0,58.82,3,4449.3192133131615
Srirampuram,432.0,2.0,40.0,2,9259.25925925926
Yemlur,1100.0,2.0,55.0,2,5000.0
Race Course Road,4750.0,5.0,600.0,4,12631.578947368422
Sarjapur,1285.0,2.0,68.0,3,5291.828793774319
Ambalipura,1150.0,2.0,80.0,2,6956.521739130435
Thanisandra,1430.0,2.0,56.0,3,3916.083916083916
Marathahalli,1350.0,2.0,62.0,3,4592.592592592592
Gkvk Layout,1350.0,3.0,195.0,3,14444.444444444445
Thubarahalli,1185.0,2.0,65.0,2,5485.232067510548
Bannerghatta Road,1760.0,3.0,67.0,3,3806.818181818182
Bank Of Baroda Colony,2400.0,5.0,350.0,4,14583.333333333334
Kanakpura Road,900.0,2.0,41.0,2,4555.555555555556
Kanakpura Road,1297.0,2.0,105.0,2,8095.605242868157
Sector 1 HSR Layout,1840.0,3.0,155.0,3,8423.91304347826
Ramamurthy Nagar,950.0,2.0,50.79,2,5346.315789473684
Chikkabanavar,1200.0,4.0,70.0,5,5833.333333333333
BTM 2nd Stage,950.0,2.0,52.0,2,5473.684210526316
Yeshwanthpur,1277.5,2.0,95.815,2,7500.1956947162425
Electronic City,1571.0,3.0,89.0,3,5665.1814131126675
Electronic City Phase II,1031.0,2.0,55.0,2,5334.62657613967
Whitefield,1485.0,2.0,90.0,2,6060.606060606061
Ananth Nagar,1109.0,2.0,60.0,2,5410.279531109108
Koramangala,2200.0,3.0,180.0,3,8181.818181818182
Whitefield,950.0,1.0,50.0,1,5263.1578947368425
Laggere,1200.0,2.0,150.0,3,12500.0
Hosa Road,1161.0,2.0,55.15,2,4750.215331610681
Basavangudi,2350.0,3.0,300.0,3,12765.95744680851
Electronic City Phase II,1003.0,2.0,40.6,2,4047.8564307078764
Bank Of Baroda Colony,1350.0,2.0,185.0,2,13703.703703703704
9th Phase JP Nagar,1080.0,2.0,37.0,2,3425.925925925926
Hulimavu,1255.0,2.0,73.0,2,5816.733067729084
Banaswadi,1250.0,2.0,60.0,2,4800.0
Brookefield,1700.0,4.0,152.0,4,8941.176470588236
Ramamurthy Nagar,1200.0,2.0,66.0,3,5500.0
St. John's Road,824.0,2.0,60.0,2,7281.553398058252
1st Phase JP Nagar,1875.0,3.0,167.0,3,8906.666666666666
Bommasandra Industrial Area,1320.0,2.0,38.12,3,2887.8787878787875
Kothanur,9600.0,5.0,550.0,5,5729.166666666667
Uttarahalli,1330.0,2.0,47.0,3,3533.8345864661655
Kaikondrahalli,1220.0,3.0,56.0,3,4590.163934426229
Electronic City,1111.0,3.0,50.0,3,4500.450045004501
Kothannur,1197.0,2.0,47.88,2,4000.0
Marathahalli,2519.0,5.0,185.0,4,7344.184200079397
Doopanahalli,1340.0,2.0,100.0,3,7462.686567164179
Old Madras Road,1450.0,3.0,132.0,4,9103.448275862069
Hoodi,1837.0,3.0,145.0,3,7893.304300489929
Haralur Road,1200.0,4.0,245.0,4,20416.666666666668
Kudlu Gate,1238.0,2.0,55.0,2,4442.64943457189
7th Phase JP Nagar,1405.0,2.0,59.01,3,4200.0
Doddaballapur,1690.0,3.0,80.0,4,4733.7278106508875
Sathanur,1620.0,2.0,110.0,3,6790.123456790124
Kanakpura Road,1673.0,3.0,115.0,3,6873.879258816497
Margondanahalli,1090.0,2.0,58.0,2,5321.100917431193
Varthur,1112.0,2.0,40.0,2,3597.122302158273
Marathahalli,1385.0,2.0,66.65,3,4812.274368231047
Electronic City Phase II,545.0,1.0,27.0,2,4954.128440366972
Subramanyapura,985.0,2.0,58.0,2,5888.324873096447
Kanakpura Road,825.0,1.0,36.29,1,4398.787878787879
Kanakpura Road,1080.0,2.0,37.8,2,3499.9999999999995
Hosa Road,1430.0,2.0,97.52,2,6819.580419580419
Kengeri Satellite Town,1050.0,2.0,43.0,2,4095.2380952380954
Kumaraswami Layout,2000.0,4.0,139.0,4,6950.0
Banashankari Stage VI,4800.0,4.0,190.0,4,3958.3333333333335
ITI Layout,1533.0,3.0,115.0,3,7501.630789302022
Ramamohanapuram,2800.0,3.0,500.0,4,17857.14285714286
Malleshwaram,2610.0,3.0,399.0,3,15287.356321839081
Lakshminarayana Pura,1750.0,3.0,150.0,3,8571.42857142857
TC Palaya,1200.0,2.0,66.0,3,5500.0
Prithvi Layout,1352.0,2.0,87.5,2,6471.89349112426
Harlur,1754.0,3.0,125.0,3,7126.567844925884
Tejaswini Nagar,1560.0,3.0,85.0,3,5448.717948717948
Bannerghatta,3012.0,6.0,268.0,4,8897.742363877822
Whitefield,3584.0,4.0,199.0,4,5552.455357142857
Channasandra,1470.0,2.0,90.0,3,6122.448979591837
9th Phase JP Nagar,1035.0,2.0,45.0,2,4347.826086956522
Whitefield,2400.0,5.0,329.0,4,13708.333333333334
Kammanahalli,1160.0,2.0,52.0,2,4482.758620689655
Jakkur,1100.0,2.0,52.0,2,4727.272727272727
Horamavu Agara,1170.0,2.0,38.0,2,3247.863247863248
Bannerghatta Road,595.0,1.0,31.83,1,5349.579831932773
HSR Layout,1650.0,3.0,110.0,3,6666.666666666667
1st Block Jayanagar,1875.0,2.0,235.0,3,12533.333333333334
Kamakshipalya,800.0,4.0,80.0,4,10000.0
kanakapura road,1375.0,2.0,48.06,3,3495.2727272727275
Ramagondanahalli,1235.0,2.0,46.8,2,3789.4736842105262
Kaveri Nagar,750.0,1.0,25.0,1,3333.3333333333335
7th Phase JP Nagar,1400.0,3.0,115.0,3,8214.285714285714
Poorna Pragna Layout,1270.0,2.0,50.79,3,3999.212598425197
Bannerghatta Road,1105.0,2.0,51.0,2,4615.384615384615
Sundar Ram Shetty Nagar,1375.0,2.0,85.0,3,6181.818181818182
Attibele,2168.0,4.0,95.0,4,4381.918819188192
Gottigere,1200.0,8.0,90.0,8,7500.0
Yelahanka,1065.0,2.0,40.84,2,3834.7417840375592
Sector 6 HSR Layout,3800.0,3.0,580.0,3,15263.157894736842
Raja Rajeshwari Nagar,3125.0,9.0,350.0,9,11200.0
Whitefield,825.0,1.0,45.0,1,5454.545454545455
Nelamangala,1095.0,2.0,40.0,2,3652.9680365296804
Ganga Nagar,720.0,3.0,65.0,3,9027.777777777777
Udayapur Village,1440.0,2.0,60.33,3,4189.583333333333
Electronic City,870.0,2.0,39.5,2,4540.229885057472
Panathur,1195.0,2.0,84.0,2,7029.28870292887
"Kirloskar layout, Basaveshwarnagar",1200.0,2.0,49.5,2,4125.0
Raja Rajeshwari Nagar,1530.0,3.0,61.2,3,4000.0
Padmanabhanagar,1708.0,2.0,90.5,3,5298.594847775175
Alfa Garden Layout,975.0,2.0,43.0,2,4410.25641025641
KR Puram,750.0,2.0,25.0,2,3333.3333333333335
Gowdanapalya,1200.0,8.0,190.0,8,15833.333333333334
Iblur Village,1920.0,3.0,130.0,3,6770.833333333333
Nagarbhavi,1200.0,5.0,240.0,6,20000.0
Thanisandra,1183.0,2.0,58.56,2,4950.126796280642
Kothanur,1140.0,4.0,90.0,4,7894.736842105263
Mico Layout,1550.0,2.0,65.0,3,4193.548387096775
Kaggadasapura,1110.0,2.0,53.0,2,4774.774774774774
NS Palya,1500.0,10.0,165.0,8,11000.0
Kaggadasapura,1105.0,2.0,38.67,2,3499.547511312217
Anekal,1800.0,3.0,68.0,3,3777.777777777778
2nd Phase JP Nagar,2800.0,4.0,200.0,5,7142.857142857143
Bommanahalli,1000.0,2.0,29.9,2,2990.0
Prithvi Layout,1190.0,2.0,68.0,2,5714.285714285715
2nd Stage Nagarbhavi,1350.0,4.0,200.0,4,14814.814814814816
Hebbal,3067.0,4.0,230.0,4,7499.184871209651
Sarjapur  Road,1929.0,4.0,103.0,3,5339.554173146708
Ramamurthy Nagar,1525.0,3.0,100.0,3,6557.377049180328
Nehru Nagar,1775.0,3.0,110.0,3,6197.183098591549
Banashankari,1125.0,2.0,63.0,2,5600.0
Hessarghatta,900.0,2.0,42.0,2,4666.666666666667
Sarjapur  Road,1155.0,2.0,58.0,2,5021.645021645022
Hulimavu,1200.0,4.0,75.0,4,6250.0
Sonnenahalli,1268.0,2.0,73.0,2,5757.097791798107
Hoodi Layout,1500.0,3.0,88.0,3,5866.666666666667
Electronic City,630.0,1.0,47.0,1,7460.31746031746
Seegehalli,1525.0,3.0,65.0,3,4262.295081967213
Kaggadasapura,1060.0,2.0,48.0,2,4528.301886792453
Lingadheeranahalli,1687.0,3.0,127.0,3,7528.156490812093
Thanisandra,1847.0,3.0,123.0,3,6659.447753113156
Begur Road,1410.0,2.0,53.0,3,3758.8652482269504
7th Phase JP Nagar,1075.0,2.0,42.99,2,3999.0697674418607
Rajaji Nagar,3526.0,4.0,492.0,4,13953.488372093023
BTM Layout,3000.0,3.0,338.0,3,11266.666666666666
Basavangudi,1500.0,2.0,143.0,3,9533.333333333334
Gaundanapalya,1010.0,2.0,46.0,2,4554.455445544554
Haralur Road,1875.0,3.0,110.0,3,5866.666666666667
Arasanakunte,1200.0,6.0,137.0,5,11416.666666666666
Kanakpura Road,983.0,2.0,50.6,2,5147.5076297049845
Kasturi Nagar,1101.0,2.0,65.0,2,5903.723887375114
Laxmi Sagar Layout,1140.0,2.0,76.0,2,6666.666666666667
Sarjapur  Road,1215.0,2.0,110.0,2,9053.497942386832
Kengeri Satellite Town,1007.0,2.0,42.0,2,4170.8043694141015
Bellandur,2039.0,3.0,168.0,3,8239.333006375675
Ulsoor,1020.0,3.0,110.0,3,10784.313725490196
Outer Ring Road East,1198.0,2.0,84.0,2,7011.686143572621
5th block Koramangala,4000.0,4.0,520.0,4,13000.0
Nelamangala,1470.0,4.0,34.5,4,2346.938775510204
JakkurYelahanka,1370.0,2.0,75.0,2,5474.4525547445255
Yemlur,1316.0,2.0,55.5,2,4217.325227963526
Kaggadasapura,1350.0,3.0,55.5,3,4111.111111111111
Gunjur Palya,1050.0,2.0,43.0,2,4095.2380952380954
KR Puram,1128.76,3.0,47.405,3,4199.741309047096
Electronic City,921.0,2.0,34.0,2,3691.6395222584147
Kundalahalli,1010.0,2.0,49.27,2,4878.217821782178
KR Puram,1015.0,2.0,43.0,2,4236.453201970443
TC Palaya,1200.0,2.0,66.5,3,5541.666666666667
Lakshminarayana Pura,1179.0,2.0,75.0,2,6361.323155216285
Anjanapura,1850.0,4.0,86.0,4,4648.648648648648
Kammasandra,870.0,2.0,24.0,2,2758.6206896551726
Bellandur,1605.0,3.0,85.0,3,5295.95015576324
Banashankari Stage VI,2800.0,4.0,89.0,4,3178.5714285714284
Malleshwaram,2475.0,4.0,320.0,3,12929.29292929293
Ngef Layout,3000.0,2.0,510.0,2,17000.0
Bileshivale,2400.0,7.0,110.0,6,4583.333333333333
2nd Phase JP Nagar,1000.0,1.0,55.0,2,5500.0
Ramamurthy Nagar,1200.0,2.0,80.0,2,6666.666666666667
Manjunatha Layout,1200.0,2.0,125.0,2,10416.666666666666
Kammasandra,1200.0,2.0,66.0,2,5500.0
Kashi Nagar,1200.0,2.0,50.0,2,4166.666666666667
Hennur,1255.0,2.0,57.5,2,4581.673306772908
Hosur Road,1085.0,2.0,30.38,2,2800.0
Kanakpura Road,1592.0,3.0,125.0,3,7851.75879396985
B Narayanapura,1313.0,2.0,58.27,2,4437.928408225438
Kogilu,1934.0,3.0,150.0,3,7755.946225439504
Harlur,1200.0,2.0,49.5,2,4125.0
Uttarahalli,3600.0,6.0,120.0,6,3333.3333333333335
Old Madras Road,935.0,2.0,45.0,2,4812.834224598931
Bommasandra,877.0,2.0,30.0,2,3420.752565564424
Ashwathnagar,936.0,2.0,42.0,2,4487.179487179487
Nagasandra,1470.0,2.0,110.0,3,7482.993197278912
Upkar Layout,1050.0,1.0,70.0,1,6666.666666666667
Hennur Road,1232.0,2.0,69.61,2,5650.162337662337
Ambedkar Nagar,2225.0,4.0,169.0,3,7595.505617977528
Sunkadakatte,1200.0,2.0,80.0,3,6666.666666666667
Dasarahalli,1901.0,3.0,119.0,3,6259.863229879011
Sarjapur  Road,1819.0,3.0,100.0,3,5497.526113249038
HOSUR MAIN ROAD,1464.0,3.0,56.0,3,3825.136612021858
Old Madras Road,3715.0,6.0,200.5,4,5397.039030955585
9th Phase JP Nagar,5000.0,4.0,290.0,4,5800.0
Someshwara Layout,1200.0,4.0,169.0,4,14083.333333333334
Kacharakanahalli,1256.0,2.0,60.0,2,4777.070063694267
7th Phase JP Nagar,1100.0,2.0,44.0,2,4000.0
TC Palaya,4800.0,3.0,302.0,4,6291.666666666667
Kothanur,1435.0,3.0,70.0,3,4878.048780487805
6th Phase JP Nagar,3245.0,4.0,250.0,4,7704.160246533128
Sarjapur  Road,1845.0,4.0,110.0,3,5962.059620596206
Jigani,2400.0,4.0,130.0,3,5416.666666666667
HSR Layout,1140.0,2.0,46.0,2,4035.0877192982457
Ulsoor,1200.0,2.0,60.0,2,5000.0
Talaghattapura,2254.0,3.0,170.0,3,7542.147293700089
Frazer Town,1750.0,3.0,150.0,3,8571.42857142857
Jalahalli West,1020.0,2.0,37.0,2,3627.450980392157
Bommanahalli,515.0,1.0,25.0,1,4854.368932038835
Lingadheeranahalli,1893.0,3.0,140.0,3,7395.66825145272
Vasanth nagar,3025.0,3.0,500.0,3,16528.92561983471
Suddaguntepalya,830.0,2.0,34.0,2,4096.385542168675
Singasandra,600.0,2.0,36.5,2,6083.333333333333
Bisuvanahalli,1075.0,2.0,90.0,3,8372.093023255815
Kathreguppe,3200.0,4.0,1200.0,4,37500.0
Kasavanhalli,1200.0,2.0,78.0,2,6500.0
Sarjapur  Road,1233.0,2.0,77.65,2,6297.6480129764805
Bannerghatta Road,1255.0,2.0,65.26,2,5200.000000000001
Begur Road,1200.0,2.0,37.8,2,3149.9999999999995
Varthur,2145.0,3.0,175.0,3,8158.508158508159
1st Phase JP Nagar,1500.0,5.0,85.0,5,5666.666666666667
Kothannur,740.0,2.0,34.0,2,4594.594594594595
Kengeri,1250.0,3.0,48.0,3,3840.0
Channasandra Layout,1210.0,2.0,40.0,2,3305.785123966942
Sarjapur  Road,1525.0,2.0,60.0,3,3934.4262295081967
Kogilu,540.0,1.0,36.0,1,6666.666666666667
Tumkur Road,1240.0,2.0,84.0,3,6774.193548387097
Subramanyapura,1245.0,2.0,68.0,3,5461.847389558233
HAL 3rd Stage,1865.0,3.0,350.0,3,18766.756032171583
Hosa Road,1104.0,2.0,36.43,2,3299.81884057971
Bisuvanahalli,1075.0,2.0,35.99,3,3347.906976744186
Nagavara,2200.0,2.0,55.0,2,2500.0
Whitefield,1155.0,2.0,60.0,2,5194.805194805195
Doctors Layout,1520.0,2.0,62.0,2,4078.9473684210525
Thigalarapalya,3122.0,6.0,245.0,4,7847.533632286995
Harlur,1290.0,2.0,85.0,2,6589.147286821705
1st Block HRBR Layout,2300.0,3.0,80.0,3,3478.2608695652175
Kannamangala,3000.0,4.0,200.0,4,6666.666666666667
Austin Town,400.0,1.0,14.0,1,3500.0
Banashankari,1340.0,2.0,53.6,3,4000.0
Malleshwaram,900.0,2.0,95.0,2,10555.555555555555
Rajaji Nagar,1800.0,4.0,324.0,6,18000.0
Hennur Road,987.0,2.0,49.0,2,4964.5390070921985
Old Madras Road,1720.0,3.0,100.0,3,5813.953488372093
Hebbal,1040.0,2.0,50.0,2,4807.692307692308
Anandapura,900.0,2.0,64.0,2,7111.111111111111
Raja Rajeshwari Nagar,1030.0,2.0,50.0,2,4854.368932038835
Neeladri Nagar,2556.0,3.0,133.0,3,5203.442879499217
Basavangudi,1850.0,3.0,168.0,3,9081.081081081082
Kaval Byrasandra,750.0,4.0,110.0,4,14666.666666666666
Balagere,1028.0,2.0,31.86,2,3099.2217898832687
7th Phase JP Nagar,1270.0,2.0,83.0,2,6535.433070866142
Sahakara Nagar,1655.0,3.0,115.0,3,6948.640483383686
Electronics City Phase 1,940.0,2.0,40.0,2,4255.31914893617
Domlur,1050.0,2.0,85.0,2,8095.238095238095
Rajagopala Nagar,600.0,4.0,40.0,4,6666.666666666667
Vishwapriya Nagar,946.0,2.0,38.0,2,4016.913319238901
CV Raman Nagar,1726.0,3.0,145.0,3,8400.92699884125
Sarakki Nagar,2121.0,4.0,253.0,3,11928.335690711929
Vittasandra,1404.0,2.0,75.0,2,5341.880341880342
Sarjapur,1525.0,2.0,48.0,3,3147.5409836065573
Kengeri,1025.0,2.0,57.0,2,5560.975609756098
Bahubali Nagar,1575.0,4.0,150.0,5,9523.809523809523
RMV 2nd Stage,860.0,1.0,43.0,2,5000.0
Talaghattapura,1223.0,2.0,42.81,3,3500.408830744072
Lottegolla Halli,3750.0,3.0,550.0,4,14666.666666666666
Kothannur,1197.0,2.0,47.8,2,3993.316624895572
Garudachar Palya,1150.0,2.0,52.75,2,4586.95652173913
Kodbisanhalli,4800.0,5.0,629.0,4,13104.166666666666
R.T. Nagar,1040.0,2.0,46.0,2,4423.076923076923
Banashankari,1310.0,2.0,80.0,2,6106.8702290076335
Uttarahalli,1788.0,3.0,98.34,3,5500.0
Raja Rajeshwari Nagar,1144.0,2.0,38.55,2,3369.7552447552443
Anjanapura,1070.0,2.0,39.0,2,3644.8598130841124
Nandini Layout,1200.0,2.0,70.0,2,5833.333333333333
Ambedkar Nagar,1862.0,3.0,120.0,3,6444.68313641246
Margondanahalli,1200.0,2.0,58.5,2,4875.0
Begur Road,970.0,2.0,27.0,2,2783.505154639175
Kasavanhalli,1646.0,3.0,79.5,3,4829.890643985419
Sarjapur  Road,4395.0,4.0,242.0,4,5506.257110352673
Vibhutipura Extension,1200.0,4.0,100.0,5,8333.333333333334
Iblur Village,1995.0,3.0,135.0,3,6766.917293233083
1st Block Jayanagar,2400.0,4.0,450.0,4,18750.0
Hosakerehalli,1085.0,2.0,47.74,2,4400.0
Budigere,1139.0,2.0,56.8,2,4986.830553116769
Haralur Road,1092.0,2.0,44.0,2,4029.3040293040294
Pattandur Agrahara,1767.0,3.0,98.0,3,5546.1233729485
HMT Layout,1700.0,3.0,80.0,3,4705.882352941177
Bellandur,1692.0,3.0,88.0,3,5200.945626477542
6th Phase JP Nagar,1645.0,3.0,100.0,3,6079.0273556231
Uttarahalli,1345.0,2.0,57.0,3,4237.918215613383
Basapura,1100.0,2.0,60.0,2,5454.545454545455
Gollarapalya Hosahalli,1408.0,3.0,62.0,3,4403.409090909091
Banashankari Stage III,2400.0,4.0,240.0,4,10000.0
Kadugodi,1920.0,4.0,200.0,4,10416.666666666666
Bileshivale,6040.0,4.0,170.0,5,2814.569536423841
Thigalarapalya,2072.0,4.0,150.0,3,7239.382239382239
Malleshwaram,1420.0,2.0,158.0,2,11126.760563380281
Electronics City Phase 1,2040.0,3.0,137.0,3,6715.686274509804
Sarjapur  Road,1220.0,3.0,56.0,3,4590.163934426229
8th Phase JP Nagar,1200.0,4.0,145.0,4,12083.333333333334
B Channasandra,1300.0,2.0,79.0,2,6076.923076923077
Electronics City Phase 1,1150.0,2.0,39.0,2,3391.304347826087
KR Puram,1470.0,2.0,86.0,2,5850.340136054422
Hosa Road,1063.0,2.0,31.9,2,3000.9407337723424
Harappanahalli,1311.0,2.0,48.0,2,3661.3272311212813
Dollars Colony,3500.0,4.0,350.0,4,10000.0
Nagarbhavi,600.0,2.0,100.0,4,16666.666666666668
Arehalli,1400.0,2.0,55.0,3,3928.5714285714284
Kanakpura Road,2200.0,2.0,62.0,2,2818.181818181818
Thanisandra,1430.0,2.0,56.0,3,3916.083916083916
Vidyaranyapura,1060.0,2.0,55.0,2,5188.679245283019
Cambridge  road,1000.0,2.0,110.0,3,11000.0
Sector 7 HSR Layout,1760.0,3.0,145.0,3,8238.636363636364
Whitefield,2010.0,3.0,92.0,3,4577.114427860696
Kanakpura Road,1480.0,2.0,64.23,3,4339.864864864865
8th Phase JP Nagar,1230.0,2.0,43.5,3,3536.5853658536585
Gottigere,1300.0,3.0,65.0,3,5000.0
Vajarahalli,800.0,4.0,120.0,4,15000.0
Frazer Town,4850.0,6.0,385.0,4,7938.144329896907
Singasandra,1100.0,2.0,52.0,2,4727.272727272727
Harlur,1752.12,3.0,116.0,3,6620.551103805676
Marathahalli,957.0,2.0,46.9,2,4900.73145245559
Balagere,790.5,1.0,41.9,1,5300.44275774826
Hennur Gardens,1942.0,3.0,102.0,3,5252.317198764161
Ashirvad Colony,1000.0,2.0,53.0,2,5300.0
Yeshwanthpur,668.0,1.0,36.85,1,5516.4670658682635
Cholanayakanahalli,3000.0,6.0,1000.0,5,33333.333333333336
Nagarbhavi,600.0,2.0,80.0,3,13333.333333333334
Uttarahalli,1089.0,2.0,43.55,2,3999.0817263544536
Thanisandra,1800.0,3.0,90.0,3,5000.0
Yelahanka New Town,960.0,2.0,18.0,1,1875.0
Yelahanka,1036.0,2.0,39.35,2,3798.262548262548
Marathahalli,1583.0,3.0,105.0,3,6632.975363234365
7th Phase JP Nagar,3300.0,4.0,150.0,4,4545.454545454545
Padmanabhanagar,1100.0,2.0,65.0,2,5909.090909090909
Thyagaraja Nagar,800.0,1.0,100.0,1,12500.0
Vittasandra,1246.0,2.0,65.0,2,5216.69341894061
Dodda Nekkundi,850.0,2.0,28.0,2,3294.1176470588234
Raja Rajeshwari Nagar,1196.0,2.0,51.51,2,4306.8561872909695
Thanisandra,1697.0,3.0,114.0,3,6717.737183264585
TC Palaya,1000.0,2.0,64.0,2,6400.0
HRBR Layout,1567.0,3.0,90.0,3,5743.458838544991
Anekal,1200.0,1.0,36.0,2,3000.0
Sarjapur  Road,3750.0,6.0,290.0,4,7733.333333333333
Veerannapalya,950.0,2.0,45.0,2,4736.8421052631575
Howthinarayanappa Garden,1022.0,2.0,52.0,2,5088.062622309198
Kammasandra,1018.0,2.0,23.45,2,2303.5363457760313
Basavanagara,2000.0,3.0,25.0,4,1250.0
Bharathi Nagar,1322.0,2.0,68.0,2,5143.721633888048
Marsur,1800.0,4.0,145.0,4,8055.555555555556
Doddakallasandra,1460.0,2.0,58.39,3,3999.3150684931506
SRINIVASAPURA,990.0,2.0,44.55,2,4500.0
Cambridge Layout,2400.0,3.0,260.0,3,10833.333333333334
Whitefield,1635.0,2.0,85.0,3,5198.7767584097855
Rajaji Nagar,3526.0,4.0,558.0,4,15825.2977878616
Padmanabhanagar,3400.0,3.0,210.0,4,6176.470588235294
Ramakrishnappa Layout,2770.0,3.0,460.0,3,16606.49819494585
EPIP Zone,3035.0,5.0,200.0,4,6589.785831960461
Maragondanahalli,1533.0,3.0,85.0,3,5544.683626875408
Akshaya Nagar,1720.0,3.0,134.0,3,7790.697674418605
Frazer Town,2000.0,3.0,200.0,3,10000.0
Yeshwanthpur,1185.0,2.0,75.84,2,6400.0
Varthur Road,900.0,2.0,27.0,2,3000.0
Attibele,395.0,1.0,10.25,1,2594.9367088607596
Electronic City Phase II,1031.0,2.0,56.35,2,5465.56741028128
3rd Block Banashankari,2400.0,8.0,650.0,6,27083.333333333332
Thanisandra,2650.0,4.0,240.0,4,9056.603773584906
Basaveshwara Nagar,2400.0,5.0,415.0,5,17291.666666666668
Uttarahalli,1330.0,2.0,46.55,3,3500.0
Hennur,1259.0,2.0,57.0,2,4527.4027005559965
Raja Rajeshwari Nagar,1570.0,3.0,88.0,3,5605.095541401274
Bisuvanahalli,1075.0,2.0,36.0,3,3348.8372093023254
Whitefield,1216.0,2.0,79.0,2,6496.710526315789
Sarjapur  Road,1428.0,2.0,66.0,3,4621.848739495798
Begur Road,1160.0,2.0,40.59,2,3499.1379310344832
 ittamadu,600.0,2.0,110.0,3,18333.333333333332
Doddakannelli,1475.0,3.0,70.0,3,4745.762711864407
Harlur,1754.0,3.0,135.0,3,7696.693272519954
Rayasandra,1639.0,3.0,83.0,3,5064.063453325199
Hennur Road,1804.0,3.0,102.0,3,5654.10199556541
Whitefield,1200.0,3.0,56.2,3,4683.333333333333
Anand Nagar,1135.0,2.0,55.0,2,4845.814977973569
Begur Road,1260.0,2.0,46.62,2,3700.0
Peenya,1440.0,5.0,110.0,5,7638.888888888889
Hennur Road,2160.0,3.0,160.0,3,7407.407407407408
Rayasandra,700.0,6.0,85.0,7,12142.857142857143
Rachenahalli,1220.0,2.0,59.5,2,4877.049180327869
Margondanahalli,1200.0,2.0,67.0,2,5583.333333333333
Yelahanka,1300.0,2.0,65.0,2,5000.0
Cox Town,605.0,1.0,29.0,1,4793.388429752066
Vijayanagar,1230.0,4.0,210.0,6,17073.170731707316
Bhoganhalli,1444.0,2.0,75.97,2,5261.0803324099725
Amruthahalli,924.0,2.0,45.0,2,4870.12987012987
Kaikondrahalli,1000.0,2.0,30.0,2,3000.0
Vishveshwarya Layout,600.0,4.0,95.0,4,15833.333333333334
Patelappa Layout,1200.0,3.0,225.0,3,18750.0
Bisuvanahalli,845.0,2.0,29.0,2,3431.9526627218934
Kanakpura Road,700.0,2.0,35.0,2,5000.0
Kothanur,1187.0,2.0,58.0,2,4886.2679022746415
Kaggadasapura,1625.0,3.0,55.0,3,3384.6153846153848
 Devarachikkanahalli,1200.0,2.0,83.0,2,6916.666666666667
Pulkeshi Nagar,1452.55,2.0,110.0,2,7572.889057175313
"Thanisandra Main Road, ",2357.0,3.0,151.0,3,6406.448875689436
Kaval Byrasandra,1200.0,2.0,49.5,2,4125.0
Budigere,1139.0,2.0,56.85,2,4991.220368744513
Basavangudi,600.0,1.0,97.5,1,16250.0
Kanakpura Road,1660.0,3.0,75.0,3,4518.0722891566265
Jayanagar,1170.0,2.0,105.0,2,8974.358974358975
Somasundara Palya,1448.0,2.0,68.0,2,4696.132596685083
Kadugodi,1762.0,3.0,110.0,3,6242.905788876277
Kaggadasapura,1105.0,2.0,38.65,2,3497.737556561086
Yelahanka,1825.0,3.0,105.0,3,5753.424657534247
 Bhoganhalli,296.0,1.0,22.89,1,7733.108108108108
Kumbalgodu,1200.0,4.0,85.0,5,7083.333333333333
Thanisandra,1185.0,2.0,43.0,2,3628.6919831223627
Electronic City Phase II,1320.0,2.0,38.12,3,2887.8787878787875
Hulimavu,1058.0,2.0,48.0,2,4536.862003780719
Bellandur,1220.0,2.0,60.0,2,4918.0327868852455
Sarjapur,925.0,2.0,25.0,2,2702.7027027027025
Old Madras Road,1200.0,2.0,72.0,2,6000.0
Kengeri,1160.0,2.0,40.6,3,3500.0
Kengeri Satellite Town,600.0,4.0,72.0,3,12000.0
banashankari stage iii sa,1411.0,3.0,91.72,3,6500.3543586109145
Bannerghatta Road,1550.0,3.0,78.0,3,5032.258064516129
Green Glen Layout,3250.0,4.0,230.0,4,7076.923076923077
Haralur Road,2475.0,4.0,130.0,3,5252.525252525253
7th Phase JP Nagar,2503.0,4.0,188.0,4,7510.986815821015
Marathahalli,2524.0,5.0,190.0,4,7527.733755942948
Kaggadasapura,1063.0,2.0,42.0,2,3951.081843838194
Kanakpura Road,1077.0,2.0,37.7,2,3500.4642525533895
Manayata Tech Park,1200.0,3.0,44.0,2,3666.6666666666665
Hosakerehalli,1500.0,3.0,70.0,4,4666.666666666667
Jalahalli,1045.0,2.0,76.77,2,7346.411483253589
Kanakapura,1290.0,2.0,45.15,3,3500.0
Hoodi,1400.0,2.0,78.0,2,5571.428571428572
Begur Road,1600.0,3.0,58.14,3,3633.75
Jayanagar,3095.0,3.0,375.0,3,12116.316639741519
Nagavara,1545.0,2.0,58.0,3,3754.045307443366
Sarjapur  Road,1680.0,3.0,112.0,3,6666.666666666667
Amruthnagar,1350.0,2.0,67.5,2,5000.0
Gottigere,950.0,2.0,38.0,2,4000.0
Thanisandra,1050.0,2.0,45.0,2,4285.714285714285
Banashankari Stage V,1305.0,2.0,49.0,3,3754.7892720306513
Hosakerehalli,800.0,4.0,120.0,4,15000.0
Kodichikkanahalli,2700.0,7.0,125.0,5,4629.62962962963
MS Pallya,1100.0,3.0,78.0,3,7090.909090909091
Thanisandra,3500.0,5.0,160.0,6,4571.428571428572
Begur Road,1634.0,3.0,83.33,3,5099.7552019583845
Prithvi Layout,1352.0,2.0,85.0,2,6286.98224852071
Balagere,1145.0,2.0,65.0,2,5676.855895196507
Alfa Garden Layout,1240.0,2.0,43.79,2,3531.451612903226
7th Phase JP Nagar,2200.0,3.0,190.0,3,8636.363636363636
Bommasandra Industrial Area,1020.0,2.0,39.0,2,3823.529411764706
Palace Guttahalli,3600.0,4.0,365.0,4,10138.888888888889
Raja Rajeshwari Nagar,1168.0,2.0,61.0,2,5222.602739726028
Electronic City Phase II,1205.0,2.0,75.0,2,6224.066390041494
Yeshwanthpur,1195.0,2.0,100.0,2,8368.200836820084
CV Raman Nagar,1028.0,2.0,49.0,2,4766.536964980544
Akshya Nagar,1175.0,2.0,48.27,2,4108.085106382979
Pai Layout,1550.0,2.0,90.0,3,5806.451612903225
Yeshwanthpur,1826.0,3.0,165.0,3,9036.144578313253
Hoodi,2400.0,5.0,160.0,5,6666.666666666667
Yelahanka,1603.0,3.0,96.0,3,5988.7710542732375
Marathahalli,1350.0,3.0,72.0,3,5333.333333333333
KR Puram,714.0,1.0,28.0,1,3921.5686274509803
Whitefield,1215.0,2.0,65.0,2,5349.794238683127
Malleshpalya,1405.0,2.0,77.0,3,5480.427046263345
KR Puram,1142.0,2.0,51.0,2,4465.84938704028
Akshaya Vana,4000.0,4.0,170.0,4,4250.0
Whitefield,1870.0,3.0,90.0,3,4812.834224598931
Subramanyapura,1313.0,2.0,73.0,2,5559.786747905559
Hennur Gardens,1945.0,3.0,120.0,3,6169.665809768638
Thanisandra,1573.0,3.0,95.0,3,6039.4151303242215
Sarjapur  Road,1255.0,2.0,92.0,2,7330.677290836654
Benson Town,1400.0,3.0,91.15,4,6510.714285714285
Kannamangala,1235.0,2.0,43.63,2,3532.7935222672063
Sarjapur  Road,1380.0,2.0,52.0,3,3768.1159420289855
Ramamurthy Nagar,1500.0,9.0,250.0,7,16666.666666666668
Vittasandra,1238.0,2.0,67.0,2,5411.954765751211
Chennammana Kere,1465.0,2.0,74.72,3,5100.341296928327
Thigalarapalya,1418.0,2.0,103.0,2,7263.7517630465445
Victoria Layout,1650.0,3.0,165.0,3,10000.0
 Anekal,351.0,1.0,16.0,1,4558.404558404558
Uttarahalli,1279.0,2.0,48.0,2,3752.9319781078966
Kasavanhalli,1870.0,3.0,200.0,3,10695.187165775402
BCC Layout,1500.0,5.0,230.0,4,15333.333333333334
Hebbal,2526.0,2.0,250.0,3,9897.070467141726
Mathikere,1550.0,2.0,150.0,3,9677.41935483871
Uttarahalli,1845.0,2.0,68.27,3,3700.271002710027
Motappa Layout,1360.0,2.0,59.27,3,4358.088235294118
Friends Colony,1150.0,2.0,75.0,3,6521.739130434783
Whitefield,1260.0,2.0,49.5,2,3928.5714285714284
Doddabidrakallu,1200.0,3.0,74.0,3,6166.666666666667
Dasanapura,965.0,2.0,42.5,2,4404.145077720207
Hoodi,1350.0,2.0,48.0,3,3555.5555555555557
Bhoganhalli,1447.0,2.0,75.97,2,5250.172771250864
Arehalli,1229.0,3.0,86.03,3,7000.0
Kudlu,1027.0,2.0,43.0,2,4186.952288218111
Gottigere,1153.0,2.0,48.5,2,4206.418039895923
Whitefield,2856.0,5.0,145.5,4,5094.53781512605
Malleshpalya,1065.0,2.0,50.0,2,4694.835680751174
Tala Cauvery Layout,1030.0,2.0,61.0,2,5922.330097087379
Mallasandra,1340.0,2.0,61.0,2,4552.238805970149
Marathahalli,4000.0,5.0,212.0,4,5300.0
Sri Balaji Krupa Layout,600.0,1.0,32.0,1,5333.333333333333
Begur Road,1410.0,2.0,44.42,3,3150.354609929078
Varthur,1055.0,2.0,45.35,2,4298.578199052133
Yelahanka,1304.0,2.0,79.0,2,6058.2822085889575
Sadashiva Nagar,2720.0,4.0,485.0,4,17830.882352941175
Kammasandra,990.0,2.0,31.5,2,3181.818181818182
7th Phase JP Nagar,1035.0,2.0,39.33,2,3800.0
Tumkur Road,700.0,1.0,30.09,1,4298.571428571428
Sonnenahalli,1120.0,2.0,43.0,2,3839.285714285714
Haralur Road,1300.0,2.0,73.0,2,5615.384615384615
Tumkur Road,1239.0,2.0,82.0,2,6618.240516545601
Sarjapur  Road,1403.0,3.0,51.63,3,3679.9714896650034
Hosa Road,1365.0,2.0,92.0,2,6739.92673992674
8th block Koramangala,1165.0,2.0,135.0,2,11587.982832618025
Subramanyapura,1130.0,2.0,45.19,3,3999.1150442477874
Green Glen Layout,1776.42,3.0,105.0,3,5910.764346269463
Vidyaranyapura,900.0,4.0,175.0,4,19444.444444444445
Haralur Road,1194.0,2.0,47.0,2,3936.348408710218
Bidadi,1107.0,2.0,33.0,2,2981.029810298103
Nagavara,2319.0,3.0,180.0,3,7761.966364812419
Nallurhalli,1520.0,3.0,80.0,3,5263.1578947368425
Kannamangala,1536.0,3.0,89.0,3,5794.270833333333
Teachers Colony,3000.0,4.0,240.0,4,8000.0
Belathur,1050.0,2.0,38.0,2,3619.0476190476193
Hoodi,1850.0,3.0,146.0,3,7891.891891891892
Billekahalli,1112.0,2.0,62.0,2,5575.5395683453235
Marathahalli,1535.0,3.0,72.5,3,4723.127035830619
Kanakpura Road,1050.0,2.0,35.0,2,3333.3333333333335
Banashankari,2400.0,3.0,370.0,4,15416.666666666666
7th Phase JP Nagar,1250.0,3.0,65.0,3,5200.0
Kalena Agrahara,1187.0,2.0,52.0,2,4380.791912384162
9th Phase JP Nagar,1164.0,2.0,56.0,2,4810.996563573884
Electronic City Phase II,1395.0,2.0,62.78,3,4500.358422939068
Arekere,2072.0,3.0,108.0,3,5212.355212355213
Kanakpura Road,1450.0,3.0,60.91,3,4200.689655172414
Bannerghatta Road,1550.0,3.0,82.0,3,5290.322580645161
Sampige Layout,1315.0,2.0,90.0,2,6844.106463878327
Hebbal,3067.0,4.0,230.0,4,7499.184871209651
Amruthnagar,1210.0,2.0,72.0,2,5950.413223140496
Bisuvanahalli,1075.0,2.0,47.0,3,4372.093023255814
Sathya Sai Layout,11338.0,9.0,1000.0,6,8819.897689186806
Virgonagar,1215.0,3.0,42.2,3,3473.251028806584
Kaggadasapura,1470.0,2.0,75.0,3,5102.040816326531
Dodsworth Layout,30000.0,4.0,2100.0,4,7000.0
Hosur Road,1590.0,2.0,125.0,3,7861.635220125786
Kanakpura Road,1050.0,2.0,36.75,2,3500.0
Raja Rajeshwari Nagar,1306.0,2.0,55.91,2,4281.010719754977
Malleshwaram,2000.0,3.0,250.0,3,12500.0
"Kudlu Village, ",1445.0,3.0,64.0,3,4429.065743944637
Sarjapur  Road,1220.0,3.0,58.0,3,4754.098360655737
Sarjapur,3190.0,3.0,160.0,4,5015.673981191223
Ramagondanahalli,1215.0,2.0,51.26,2,4218.930041152264
Budigere,1920.0,2.0,88.0,3,4583.333333333333
Dodda Nekkundi,1390.0,2.0,60.0,2,4316.546762589928
Battarahalli,800.0,2.0,75.0,3,9375.0
Nagarbhavi,600.0,3.0,100.0,3,16666.666666666668
Hoodi,1196.0,2.0,71.74,2,5998.327759197324
Bannerghatta Road,1550.0,2.0,75.0,3,4838.709677419355
Thigalarapalya,1418.0,2.0,101.0,2,7122.708039492242
Varthur Road,1655.0,3.0,115.0,3,6948.640483383686
KR Puram,1115.0,2.0,33.45,2,3000.0000000000005
Rajiv Gandhi Nagar,1170.0,2.0,68.0,2,5811.965811965812
Anekal,1035.0,2.0,38.3,2,3700.483091787439
Singasandra,1306.0,2.0,58.0,3,4441.04134762634
Kengeri,750.0,2.0,22.0,2,2933.3333333333335
Thanisandra,1917.0,3.0,122.0,3,6364.110589462703
Kaggadasapura,1615.0,3.0,58.0,3,3591.331269349845
Marathahalli,1071.0,2.0,52.25,2,4878.618113912232
Koramangala,1325.0,2.0,119.0,2,8981.132075471698
Malleshwaram,3000.0,4.0,900.0,7,30000.0
5th Phase JP Nagar,1400.0,2.0,88.0,3,6285.714285714285
Tumkur Road,1246.0,2.0,82.0,2,6581.0593900481545
Sarjapur,1215.0,2.0,40.0,2,3292.1810699588477
Munnekollal,1200.0,2.0,49.5,2,4125.0
Kurubarahalli,450.0,3.0,53.0,4,11777.777777777777
Kodigehaali,1200.0,2.0,60.0,2,5000.0
Kaval Byrasandra,945.0,2.0,50.0,2,5291.005291005291
Benson Town,4460.0,5.0,650.0,4,14573.991031390135
Hormavu,1175.0,2.0,52.0,2,4425.531914893617
Whitefield,920.0,2.0,63.0,2,6847.826086956522
Hosakerehalli,3024.0,5.0,350.0,4,11574.074074074075
Bidadi,1600.0,2.0,110.0,2,6875.0
Sanjay nagar,750.0,2.0,110.0,4,14666.666666666666
Sector 4 HSR Layout,2400.0,4.0,700.0,4,29166.666666666668
Bhagyalakshmi Avenue,955.0,1.0,34.01,2,3561.256544502618
Ardendale,1750.0,3.0,100.0,3,5714.285714285715
Uttarahalli,1425.0,2.0,64.0,3,4491.228070175439
Basavangudi,2150.0,3.0,265.0,3,12325.581395348838
Whitefield,1165.0,2.0,40.5,2,3476.3948497854076
Kaggadasapura,1050.0,2.0,48.0,2,4571.428571428572
Cholanayakanahalli,1370.0,2.0,75.0,3,5474.4525547445255
Electronic City,1374.0,2.0,72.0,3,5240.174672489083
Harlur,1754.0,3.0,124.0,3,7069.555302166476
Kothanur,1847.0,3.0,110.0,3,5955.603681645913
Ambedkar Nagar,1850.0,4.0,139.0,3,7513.513513513513
Chikka Tirupathi,3297.0,3.0,135.0,3,4094.631483166515
Doddakannelli,1187.0,2.0,45.0,2,3791.0699241786015
Bommasandra Industrial Area,1400.0,2.0,40.44,3,2888.5714285714284
Kengeri Hobli,600.0,2.0,30.0,3,5000.0
Chamrajpet,1350.0,2.0,180.0,2,13333.333333333334
Doddaballapur,3000.0,2.0,120.0,3,4000.0
Thanisandra,693.0,1.0,34.3,1,4949.494949494949
Dairy Circle,1980.0,3.0,224.0,3,11313.131313131313
KR Puram,1021.0,2.0,48.0,2,4701.273261508325
Thigalarapalya,1165.0,2.0,95.0,2,8154.50643776824
Horamavu Agara,1756.0,3.0,92.0,3,5239.179954441914
Bharathi Nagar,1739.0,3.0,105.0,3,6037.952846463485
Varthur,1280.0,2.0,65.0,2,5078.125
Marathahalli,1215.0,2.0,58.86,2,4844.444444444444
Munnekollal,950.0,2.0,46.5,2,4894.736842105263
Kengeri,1082.0,2.0,49.0,3,4528.650646950093
7th Phase JP Nagar,1050.0,2.0,42.0,2,4000.0
Devanahalli,1080.0,2.0,53.35,2,4939.814814814815
Arekere,1100.0,2.0,55.0,2,5000.0
Ardendale,3200.0,4.0,205.0,4,6406.25
Sarjapur  Road,1311.0,2.0,78.0,2,5949.656750572082
Raja Rajeshwari Nagar,1608.0,3.0,67.98,3,4227.611940298508
Begur Road,1160.0,2.0,36.0,2,3103.448275862069
Whitefield,1170.0,2.0,71.0,2,6068.376068376068
Kengeri,1155.0,2.0,40.6,2,3515.151515151515
Hebbal,1255.0,2.0,77.68,3,6189.641434262949
Rayasandra,1065.0,2.0,44.95,2,4220.657276995305
Neeladri Nagar,674.0,1.0,21.0,1,3115.727002967359
Ambedkar Nagar,1936.0,4.0,126.0,3,6508.264462809917
Sarakki Nagar,2289.0,3.0,260.0,3,11358.671909130624
Abbaiah Reddy Layout,1100.0,2.0,38.45,2,3495.454545454546
Ramagondanahalli,2257.0,4.0,157.0,3,6956.136464333185
Nagarbhavi,1055.0,2.0,55.0,2,5213.270142180095
Raja Rajeshwari Nagar,1530.0,3.0,51.87,3,3390.1960784313724
Dinnur,1700.0,3.0,97.0,3,5705.882352941177
Raja Rajeshwari Nagar,1575.0,2.0,78.0,3,4952.380952380952
Frazer Town,3500.0,4.0,330.0,3,9428.57142857143
Rajiv Nagar,1263.0,2.0,93.32,2,7388.756927949327
KR Puram,1559.0,3.0,69.315,3,4446.119307248236
Kengeri Satellite Town,1043.0,2.0,65.0,2,6232.023010546501
Hennur,1255.0,2.0,53.5,2,4262.948207171315
JP Nagar,1352.5,2.0,93.865,2,6940.110905730129
Chandapura,590.0,1.0,13.57,1,2300.0
Yelahanka,1550.0,3.0,120.0,3,7741.935483870968
Sarjapur  Road,1220.0,3.0,56.0,3,4590.163934426229
Rustam Bagh Layout,1900.0,3.0,160.0,3,8421.052631578947
Vasantha Vallabha Nagar,1360.0,3.0,55.0,3,4044.1176470588234
Vyalikaval,1100.0,2.0,75.0,2,6818.181818181818
8th Phase JP Nagar,1455.0,3.0,73.31,3,5038.487972508591
KR Puram,1035.0,2.0,40.5,2,3913.0434782608695
Harlur,1152.0,2.0,69.0,2,5989.583333333333
Bellandur,1299.0,2.0,82.0,2,6312.548113933795
Sarjapur  Road,1157.0,2.0,75.0,3,6482.281763180639
Rachenahalli,1050.0,2.0,52.5,2,5000.0
Pai Layout,1050.0,2.0,40.0,2,3809.5238095238096
Vittasandra,1246.0,2.0,67.4,2,5409.309791332264
"Sarjapur Road, ",1929.0,3.0,115.0,3,5961.638154484189
Hennur,1285.0,2.0,60.0,2,4669.260700389105
Margondanahalli,1200.0,2.0,65.0,3,5416.666666666667
"Banaswadi, ",3161.0,4.0,214.0,4,6770.00949066751
BTM 2nd Stage,1850.0,3.0,170.0,3,9189.18918918919
Sompura,1025.0,2.0,37.0,3,3609.756097560976
Malleshwaram,1124.0,3.0,80.0,2,7117.437722419929
Balagere,1012.0,2.0,54.59,2,5394.268774703557
Giri Nagar,4500.0,5.0,250.0,7,5555.555555555556
8th Phase JP Nagar,871.0,2.0,55.0,2,6314.580941446613
Chinnapanahalli,1020.0,2.0,40.0,2,3921.5686274509803
Rachenahalli,1550.0,3.0,73.5,3,4741.935483870968
Anand Nagar,3515.0,3.0,420.0,3,11948.790896159317
Akshaya Nagar,1410.0,2.0,80.0,3,5673.758865248227
Chikka Tirupathi,3500.0,5.0,150.0,4,4285.714285714285
Whitefield,1118.0,2.0,75.0,2,6708.4078711985685
Thanisandra,1098.0,2.0,68.0,2,6193.078324225865
Kanakapura,1130.0,2.0,45.2,2,4000.0
Sarjapur  Road,1145.0,2.0,75.0,2,6550.218340611354
Kadugodi,950.0,3.0,80.0,3,8421.052631578947
Balaji Gardens Layout,1051.0,2.0,33.0,2,3139.8667935299713
Thavarekere,600.0,7.0,108.0,7,18000.0
Marathahalli,1102.0,2.0,53.67,2,4870.235934664247
Jalahalli,1478.0,2.0,125.0,2,8457.374830852503
Chandapura,645.0,1.0,16.45,1,2550.3875968992247
Hebbal,823.0,2.0,50.63,2,6151.883353584447
Abbigere,880.0,2.0,35.0,2,3977.2727272727275
KR Puram,600.0,5.0,75.0,4,12500.0
Budigere,1991.0,4.0,100.0,3,5022.601707684581
TC Palaya,1100.0,3.0,50.0,3,4545.454545454545
Gubbalala,1745.0,3.0,115.0,3,6590.25787965616
HAL 2nd Stage,1226.0,3.0,135.0,2,11011.419249592169
Begur Road,680.0,4.0,68.0,3,10000.0
 Devarabeesana Halli,1100.0,2.0,70.0,2,6363.636363636364
Banashankari Stage VI,1200.0,4.0,195.0,4,16250.0
5th Phase JP Nagar,1450.0,2.0,58.0,2,4000.0
Singasandra,3366.0,4.0,120.0,4,3565.0623885918003
Sahakara Nagar,1150.0,2.0,54.0,2,4695.652173913043
Kanakpura Road,1843.0,3.0,95.84,3,5200.217037438958
Banashankari Stage VI,2200.0,4.0,195.0,4,8863.636363636364
Bommanahalli,1090.0,3.0,44.0,2,4036.697247706422
Kaggadasapura,1132.0,2.0,42.0,2,3710.2473498233217
Hulimavu,1375.0,2.0,80.0,2,5818.181818181818
7th Phase JP Nagar,1500.0,5.0,220.0,4,14666.666666666666
Thanisandra,760.0,1.0,50.3,1,6618.421052631579
Kaggadasapura,1180.0,2.0,65.0,2,5508.474576271186
Jigani,918.0,2.0,45.0,2,4901.9607843137255
Rachenahalli,600.0,5.0,50.0,5,8333.333333333334
Margondanahalli,1200.0,1.0,53.0,2,4416.666666666667
HSR Layout,1372.0,2.0,61.0,2,4446.064139941691
1st Block HRBR Layout,2400.0,7.0,355.0,7,14791.666666666666
Ardendale,1728.0,3.0,95.0,3,5497.685185185185
Malleshwaram,2215.0,3.0,275.0,3,12415.349887133183
BTM 2nd Stage,1200.0,2.0,80.0,2,6666.666666666667
6th Phase JP Nagar,1280.0,2.0,56.0,2,4375.0
Hulimavu,800.0,4.0,110.0,4,13750.0
Byrasandra,1455.0,2.0,56.0,3,3848.7972508591065
 Rachenahalli,440.0,1.0,28.0,1,6363.636363636364
Kanakpura Road,1500.0,3.0,97.0,3,6466.666666666667
Whitefield,1800.0,3.0,110.0,3,6111.111111111111
Mysore Road,1525.0,3.0,96.0,3,6295.081967213115
Rachenahalli,1204.0,2.0,38.5,2,3197.6744186046512
Old Madras Road,1225.0,2.0,53.55,2,4371.428571428572
Kalyan nagar,800.0,6.0,98.0,6,12250.0
Bannerghatta Road,1650.0,3.0,122.0,3,7393.939393939394
Electronic City,880.0,2.0,18.0,3,2045.4545454545455
Bikasipura,4200.0,4.0,255.0,4,6071.428571428572
Tippenahalli,1200.0,2.0,55.0,2,4583.333333333333
Sarjapur  Road,1152.0,4.0,230.0,4,19965.277777777777
9th Phase JP Nagar,1005.0,2.0,42.0,2,4179.104477611941
Whitefield,1562.0,3.0,103.0,3,6594.110115236876
Devanahalli,5000.0,5.0,395.0,4,7900.0
Babusapalaya,810.0,5.0,95.0,6,11728.395061728395
Ramamurthy Nagar,1200.0,2.0,42.0,2,3500.0
Kasavanhalli,1555.0,3.0,82.5,3,5305.4662379421225
KR Puram,1550.0,2.0,71.0,2,4580.645161290323
Whitefield,1190.0,2.0,67.0,2,5630.252100840336
Chikkalasandra,1070.0,2.0,50.0,2,4672.897196261682
Jalahalli East,1020.0,2.0,42.48,2,4164.705882352941
Yelahanka,1610.0,3.0,115.0,3,7142.857142857143
Prestige Sunrise,700.0,1.0,41.0,1,5857.142857142857
Akshaya Vana,1300.0,2.0,49.0,3,3769.230769230769
Hebbal,1420.0,2.0,123.0,2,8661.971830985916
Vidyaranyapura,1200.0,9.0,100.0,9,8333.333333333334
Hebbal,1069.0,3.0,65.4,3,6117.867165575305
Marathahalli,1900.0,3.0,123.0,3,6473.684210526316
Old Airport Road,1655.0,2.0,97.65,2,5900.302114803625
Uttarahalli,1155.0,2.0,40.42,2,3499.5670995670994
Sarjapur  Road,1300.0,2.0,70.0,3,5384.615384615385
Electronic City,1100.0,2.0,45.0,2,4090.909090909091
Doddathoguru,1030.0,2.0,42.0,2,4077.669902912621
Vittasandra,2105.0,2.0,70.2,2,3334.916864608076
Bhoganhalli,1700.0,3.0,126.0,3,7411.764705882353
Jakkur,1760.0,3.0,139.0,3,7897.727272727273
Kadugodi,6200.0,9.0,200.0,9,3225.8064516129034
1st Stage Indira Nagar,1400.0,2.0,67.0,2,4785.714285714285
Srigandada Kaval,1200.0,2.0,53.0,2,4416.666666666667
Bannerghatta Road,912.0,2.0,55.0,2,6030.701754385965
Whitefield,1102.0,2.0,48.0,2,4355.716878402904
Channasandra Layout,1535.0,3.0,55.0,3,3583.061889250814
Haralur Road,1243.0,2.0,46.0,2,3700.7240547063557
Jigani,918.0,2.0,63.2,2,6884.531590413943
Begur Road,1500.0,2.0,70.0,3,4666.666666666667
Mathikere Extension,3000.0,3.0,250.0,3,8333.333333333334
Kasavanhalli,1476.0,3.0,89.0,3,6029.810298102981
Mysore Road,1200.0,2.0,65.0,2,5416.666666666667
Vijayanagar,606.0,1.0,34.78,1,5739.273927392739
Viswajit Layout,1100.0,2.0,61.0,2,5545.454545454545
Garudachar Palya,1295.0,2.0,59.5,3,4594.594594594595
Neeladri Nagar,527.0,1.0,26.0,1,4933.586337760911
OMBR Layout,1300.0,2.0,80.0,2,6153.846153846154
Bommanahalli,680.0,4.0,68.0,3,10000.0
Adityanagar,1260.0,1.0,41.0,1,3253.968253968254
Koramangala,1140.0,2.0,75.2,2,6596.491228070176
BDS Layout,1500.0,1.0,37.5,1,2500.0
Whitefield,2321.0,4.0,128.0,3,5514.864282636794
Sarjapur  Road,1390.0,2.0,62.0,2,4460.431654676259
Sarjapur  Road,1725.0,3.0,90.0,3,5217.391304347826
Hebbal,3067.0,4.0,310.0,4,10107.597000326052
Hennur Road,1186.0,2.0,63.0,3,5311.973018549747
Kanakpura Road,1230.0,2.0,85.0,2,6910.569105691057
 Mysore Highway,600.0,1.0,17.0,1,2833.3333333333335
Yeshwanthpur,1313.0,3.0,96.0,3,7311.500380807312
TC Palaya,900.0,2.0,55.0,2,6111.111111111111
Ambalipura,1250.0,2.0,66.25,2,5300.0
HBR Layout,1200.0,6.0,280.0,9,23333.333333333332
Binny Pete,660.0,1.0,54.0,1,8181.818181818182
Basavangudi,1036.0,2.0,105.0,2,10135.135135135135
Koramangala,2700.0,4.0,450.0,4,16666.666666666668
Old Madras Road,1100.0,2.0,70.0,2,6363.636363636364
BTM 2nd Stage,1500.0,2.0,450.0,4,30000.0
Singasandra,525.0,5.0,56.0,4,10666.666666666666
Electronics City Phase 1,1015.0,2.0,56.0,2,5517.241379310345
Gottigere,812.0,1.0,26.0,1,3201.9704433497536
Narayana Nagar 1st Block,1360.0,2.0,65.0,3,4779.411764705882
Nehru Nagar,2167.0,3.0,170.0,3,7844.946931241348
Raja Rajeshwari Nagar,1200.0,2.0,35.0,2,2916.6666666666665
Gopalkrishna Nagar,1165.0,2.0,75.0,2,6437.768240343347
BTM 2nd Stage,1274.0,2.0,70.0,2,5494.505494505494
Raja Rajeshwari Nagar,1151.0,2.0,39.02,2,3390.095569070374
Vidyaranyapura,1060.0,6.0,110.0,6,10377.358490566037
Thubarahalli,1626.0,2.0,120.0,3,7380.073800738008
Banashankari Stage V,1035.0,2.0,35.77,2,3456.038647342996
Shanthi Layout,1272.0,4.0,75.0,3,5896.226415094339
Jeevan bima nagar,965.0,2.0,45.0,2,4663.21243523316
Esther Enclave Layout,1600.0,5.0,140.0,5,8750.0
Kothannur,1070.0,2.0,42.79,2,3999.0654205607475
Raja Rajeshwari Nagar,1570.0,2.0,65.0,3,4140.127388535032
Keerthi Layout,780.0,2.0,25.0,2,3205.128205128205
Ganga Nagar Extension,1000.0,2.0,65.0,3,6500.0
9th Phase JP Nagar,1200.0,3.0,188.0,4,15666.666666666666
Tindlu,7500.0,7.0,400.0,7,5333.333333333333
5th Phase JP Nagar,1700.0,2.0,100.0,3,5882.35294117647
Haralur Road,1850.0,3.0,110.0,3,5945.945945945946
Kereguddadahalli,904.0,2.0,30.0,2,3318.5840707964603
Shikaripalya,1121.0,2.0,43.72,2,3900.0892060660126
7th Phase JP Nagar,1385.0,2.0,58.17,3,4200.0
Sahakara Nagar,1270.0,2.0,69.85,2,5499.999999999999
Kanakpura Road,1450.0,3.0,56.0,3,3862.0689655172414
Huttanahalli,2400.0,4.0,325.0,3,13541.666666666666
Mahadevpura,730.0,1.0,35.0,1,4794.520547945205
Raja Rajeshwari Nagar,1580.0,3.0,53.56,3,3389.8734177215188
Thanisandra,1111.0,2.0,50.0,2,4500.450045004501
Kengeri,1125.0,2.0,88.0,4,7822.222222222223
Varthur,977.0,2.0,36.0,2,3684.74923234391
Gunjur Palya,674.0,1.0,19.9,2,2952.522255192878
Nagarbhavi,600.0,3.0,83.0,3,13833.333333333334
Sarjapur,2540.0,4.0,115.0,4,4527.55905511811
Jakkur,1290.0,2.0,100.0,2,7751.937984496124
Kumaraswami Layout,600.0,3.0,98.0,3,16333.333333333334
Abbigere,795.0,2.0,32.54,2,4093.0817610062895
Kanakpura Road,700.0,1.0,35.0,2,5000.0
Ambedkar Colony,1463.0,1.0,142.0,2,9706.083390293916
Vijayanagar,1000.0,3.0,140.0,3,14000.0
Reliable Woods Layout,1306.0,2.0,58.0,3,4441.04134762634
4th T block Jayanagar,2401.0,3.0,185.0,3,7705.12286547272
Bommenahalli,1670.0,3.0,135.0,4,8083.832335329342
Jayanagar,1875.0,2.0,235.0,3,12533.333333333334
Marsur,1200.0,3.0,90.0,3,7500.0
Dodda Nekkundi,1804.0,3.0,121.0,3,6707.317073170731
1st Phase JP Nagar,2065.0,4.0,210.0,3,10169.49152542373
Hoskote,1225.0,3.0,40.0,3,3265.3061224489797
Thanisandra,1185.5,2.0,58.68,2,4949.810206663855
Bellandur,900.0,2.0,56.0,2,6222.222222222223
Binny Pete,1350.0,2.0,91.0,2,6740.740740740741
Kaggalipura,700.0,1.0,36.0,1,5142.857142857143
Mysore Road,1005.0,2.0,35.175,2,3499.9999999999995
Poorna Pragna Layout,1160.0,2.0,46.39,2,3999.137931034483
Hennur Road,1680.0,3.0,99.27,3,5908.928571428572
LB Shastri Nagar,1043.0,2.0,55.0,2,5273.250239693192
Hoskote,1200.0,4.0,120.0,4,10000.0
Hebbal,1040.0,2.0,46.0,2,4423.076923076923
Tindlu,1357.0,2.0,65.0,3,4789.977892409727
Nayandanahalli,1600.0,7.0,104.0,7,6500.0
Vibhutipura Extension,1225.0,2.0,47.0,2,3836.734693877551
Sunkadakatte,1500.0,6.0,80.0,9,5333.333333333333
Yelachenahalli,1130.0,2.0,40.0,2,3539.8230088495575
Basavangudi,2500.0,4.0,150.0,4,6000.0
Sultan Palaya,1700.0,3.0,120.0,3,7058.823529411765
Doddathoguru,1549.0,3.0,65.0,3,4196.255648805681
Yeshwanthpur,1400.0,2.0,100.0,2,7142.857142857143
Dodda Nekkundi,1080.0,2.0,50.0,2,4629.62962962963
Ulsoor,1180.0,2.0,100.0,2,8474.57627118644
Chandra Layout,780.0,7.0,150.0,7,19230.76923076923
Domlur,1800.0,3.0,150.0,3,8333.333333333334
Haralur Road,1225.0,2.0,67.38,2,5500.408163265306
Chandra Layout,890.0,1.0,75.0,1,8426.966292134832
Abbigere,1005.0,2.0,39.59,2,3939.303482587065
Whitefield,1320.0,2.0,95.0,2,7196.969696969697
Anandapura,1475.0,2.0,50.0,4,3389.830508474576
Hagadur,1110.0,2.0,51.0,2,4594.594594594595
Popular Colony,1300.0,2.0,54.0,2,4153.846153846154
Vajarahalli,600.0,3.0,86.0,5,14333.333333333334
Electronic City,1128.0,2.0,65.35,2,5793.439716312056
Jakkur,1452.19,2.0,100.0,2,6886.151261198604
8th block Koramangala,2400.0,3.0,290.0,3,12083.333333333334
Banashankari,2600.0,4.0,135.0,3,5192.307692307692
Sarakki Nagar,2500.0,4.0,325.0,3,13000.0
Sanjay nagar,630.0,1.0,35.0,2,5555.555555555556
Hosa Road,1243.0,2.0,48.5,2,3901.850362027353
Soundarya Layout,960.0,2.0,32.0,2,3333.3333333333335
"Banashankari 6th Stage ,Subramanyapura",1690.0,3.0,100.0,3,5917.15976331361
Whitefield,735.0,2.0,35.0,2,4761.9047619047615
Banaswadi,1365.0,2.0,73.0,2,5347.985347985348
Rajaji Nagar,2849.0,5.0,300.0,5,10530.01053001053
Hebbal,1420.0,2.0,99.39,2,6999.295774647887
Somasundara Palya,1570.0,3.0,68.0,3,4331.210191082802
Bisuvanahalli,850.0,1.0,32.0,2,3764.705882352941
7th Phase JP Nagar,1575.0,2.0,110.0,3,6984.126984126984
Thigalarapalya,1418.0,2.0,104.0,2,7334.273624823695
Uttarahalli,1050.0,2.0,42.0,2,4000.0
Hennur Road,1065.0,2.0,42.6,2,4000.0
Ulsoor,1340.0,3.0,90.0,3,6716.417910447762
Yelahanka New Town,1610.0,3.0,92.0,3,5714.285714285715
Electronic City Phase II,1160.0,2.0,33.5,2,2887.9310344827586
Kudlu,1092.0,2.0,44.0,2,4029.3040293040294
Parappana Agrahara,1194.0,2.0,47.0,2,3936.348408710218
Yelahanka,1455.0,3.0,61.5,3,4226.80412371134
Abbigere,734.0,1.0,19.82,1,2700.272479564033
Samethanahalli,799.0,2.0,38.0,2,4755.944931163955
Whitefield,1896.0,3.0,75.0,3,3955.6962025316457
Ardendale,1100.0,2.0,48.0,2,4363.636363636364
Bellandur,1350.0,2.0,79.0,2,5851.851851851852
Amarjyothi Colony,1355.0,3.0,61.0,3,4501.845018450184
Electronic City,1128.0,2.0,65.0,2,5762.41134751773
Pattanagere,1350.0,2.0,90.0,2,6666.666666666667
Cunningham Road,3875.0,3.0,864.0,3,22296.774193548386
Kasavanhalli,1493.0,3.0,82.0,3,5492.297387809779
8th Phase JP Nagar,1098.0,2.0,43.91,2,3999.089253187614
Banashankari,1900.0,2.0,170.0,3,8947.368421052632
Dollars Layout,1460.0,3.0,88.0,3,6027.397260273972
Frazer Town,2350.0,4.0,285.0,3,12127.659574468085
Horamavu Banaswadi,1600.0,5.0,140.0,5,8750.0
Varthur,1091.0,2.0,32.0,2,2933.0889092575617
Yelahanka,1180.0,2.0,42.0,2,3559.322033898305
Kanakpura Road,1366.0,3.0,76.85,2,5625.915080527086
RMV Extension,1685.0,3.0,95.0,3,5637.982195845697
Koramangala,1260.0,2.0,100.0,2,7936.507936507936
Whitefield,3010.0,3.0,200.0,3,6644.518272425249
Ramamurthy Nagar,1330.0,4.0,140.0,3,10526.315789473685
Mallasandra,1200.0,2.0,130.0,2,10833.333333333334
Whitefield,1346.0,2.0,96.17,2,7144.873699851411
Chandapura,630.0,1.0,13.86,1,2200.0
7th Phase JP Nagar,1850.0,3.0,140.0,3,7567.5675675675675
Frazer Town,2350.0,2.0,423.0,5,18000.0
Electronic City,755.0,1.0,34.0,2,4503.311258278146
Basaveshwara Nagar Yelahanka,800.0,5.0,98.0,5,12250.0
Parappana Agrahara,1194.0,2.0,46.0,2,3852.5963149078725
Whitefield,3850.0,5.0,316.0,3,8207.792207792209
Hebbal,4235.0,4.0,365.0,4,8618.654073199528
Kurubarahalli,800.0,1.0,52.0,1,6500.0
Rachenahalli,2250.0,3.0,195.0,3,8666.666666666666
Vijayanagar,1352.0,2.0,68.0,2,5029.585798816568
Thanisandra,2002.0,3.0,112.0,3,5594.4055944055945
Bileshivale,4000.0,5.0,280.0,4,7000.0
Kaval Byrasandra,1060.0,2.0,45.0,2,4245.2830188679245
Kanakpura Road,1419.59,2.0,59.0,3,4156.129586711656
Raja Rajeshwari Nagar,1196.0,2.0,51.15,2,4276.755852842809
Electronic City,1220.0,2.0,35.24,3,2888.5245901639346
Electronics City Phase 1,1595.0,3.0,75.0,3,4702.194357366771
Banashankari,1260.0,2.0,75.0,2,5952.380952380952
Hebbal,1100.0,2.0,47.0,2,4272.727272727273
Frazer Town,1550.0,2.0,140.0,2,9032.258064516129
ISRO Layout,1180.0,2.0,52.0,2,4406.779661016949
Electronic City,4000.0,5.0,150.0,4,3750.0
Akshaya Nagar,1662.0,3.0,85.0,3,5114.320096269555
Hennur,1285.0,2.0,60.0,2,4669.260700389105
Akshaya Nagar,1080.0,4.0,75.0,4,6944.444444444444
Ambedkar Nagar,1862.0,3.0,119.0,3,6390.977443609023
Raja Rajeshwari Nagar,1419.0,2.0,48.0,2,3382.663847780127
Whitefield,1410.0,3.0,43.71,3,3100.0
Raja Rajeshwari Nagar,1560.0,2.0,62.4,3,4000.0
Chikkabettahalli,1100.0,4.0,150.0,5,13636.363636363636
Thanisandra,1634.0,3.0,78.0,3,4773.561811505508
Ambedkar Nagar,5530.0,5.0,627.0,5,11338.155515370705
Whitefield,1150.0,2.0,44.0,3,3826.086956521739
Ashirvad Colony,1100.0,2.0,53.0,2,4818.181818181818
Yelahanka,1616.0,3.0,65.0,3,4022.2772277227723
Nagavarapalya,1392.0,2.0,99.0,2,7112.068965517241
Jakkur,1798.0,3.0,120.0,3,6674.082313681869
Babusapalaya,1675.0,3.0,75.0,3,4477.611940298508
Bhuvaneswari Nagar,792.0,2.0,70.0,2,8838.38383838384
Varanasi,2000.0,4.0,103.0,5,5150.0
Hongasandra,600.0,7.0,89.0,7,14833.333333333334
Hebbal,1700.0,3.0,124.0,3,7294.117647058823
Hulimavu,1248.0,2.0,69.0,2,5528.846153846154
Kalkere,1147.0,2.0,54.0,2,4707.933740191805
Sultan Palaya,1100.0,2.0,40.0,2,3636.3636363636365
Vijayanagar,1527.0,3.0,115.0,3,7531.106745252128
Shantiniketan Layout,2400.0,5.0,235.0,5,9791.666666666666
Kanakpura Road,525.0,1.0,25.0,1,4761.9047619047615
Kaggadasapura,1100.0,2.0,58.0,2,5272.727272727273
Seegehalli,1118.0,2.0,37.5,2,3354.2039355992843
Kanakapura,1476.0,3.0,75.0,3,5081.30081300813
Gopal Reddy Layout,2100.0,3.0,75.0,3,3571.4285714285716
Roopena Agrahara,1215.0,2.0,46.5,3,3827.1604938271603
Ambalipura,1332.0,2.0,79.0,2,5930.930930930931
Hennur Road,1350.0,2.0,49.0,2,3629.6296296296296
Kothannur,600.0,4.0,81.0,4,13500.0
Haralur Road,1243.0,2.0,46.0,2,3700.7240547063557
NGR Layout,1105.0,2.0,49.73,2,4500.4524886877825
Padmanabhanagar,1500.0,2.0,200.0,3,13333.333333333334
Kasavanhalli,1200.0,2.0,50.0,2,4166.666666666667
Ramagondanahalli,1251.0,2.0,47.4,2,3788.968824940048
Kambipura,883.0,2.0,45.0,2,5096.262740656852
Pai Layout,1400.0,2.0,67.0,3,4785.714285714285
Rajaji Nagar,1800.0,3.0,260.0,3,14444.444444444445
Hegde Nagar,1703.0,3.0,113.0,3,6635.3493834409865
NRI Layout,2500.0,5.0,130.0,5,5200.0
Varthur,1250.0,3.0,71.0,3,5680.0
Jigani,933.0,2.0,43.0,2,4608.788853161844
sankeswari,461.82,1.0,31.7,1,6864.146204148803
Brookefield,1262.0,2.0,75.0,2,5942.947702060222
Yelahanka,915.0,2.0,48.0,2,5245.901639344263
Panathur,1370.0,2.0,61.5,3,4489.051094890511
Malleshpalya,1210.0,2.0,55.0,2,4545.454545454545
Kodihalli,2392.0,4.0,260.0,3,10869.565217391304
T c palya,1500.0,2.0,85.0,3,5666.666666666667
Govindraja Nagar,1065.0,2.0,50.0,2,4694.835680751174
Rajaji Nagar,3100.0,4.0,570.0,4,18387.09677419355
Ramamurthy Nagar,1515.0,3.0,65.0,3,4290.42904290429
Sarjapura - Attibele Road,1800.0,4.0,110.0,4,6111.111111111111
Thanisandra,1445.0,2.0,40.31,3,2789.61937716263
Uttarahalli,1300.0,2.0,55.0,3,4230.7692307692305
Vijayanagar,989.0,2.0,60.0,2,6066.734074823054
Jakkur,1300.0,2.0,85.0,2,6538.461538461538
Chandapura,1185.0,2.0,30.22,3,2550.2109704641352
Battarahalli,1350.0,3.0,110.0,5,8148.148148148148
Marathahalli,1045.0,2.0,60.0,2,5741.626794258374
Virat Nagar,1205.0,2.0,42.18,2,3500.414937759336
Chennammanakere Achukattu,1260.0,2.0,75.0,2,5952.380952380952
Devanahalli Road,1320.0,5.0,199.0,5,15075.757575757576
Ulsoor,1500.0,2.0,125.0,3,8333.333333333334
Bommanahalli,1250.0,2.0,42.5,3,3400.0
"Maragondana Halli, kr puram, old madras road",1199.0,2.0,50.0,2,4170.141784820684
Hennur Road,1385.0,2.0,83.09,2,5999.27797833935
Dhanalakshmi Layout,1222.0,5.0,250.0,6,20458.265139116203
Lakshminarayana Pura,1149.0,2.0,75.0,2,6527.415143603133
Sarjapur  Road,2180.0,3.0,170.0,3,7798.165137614679
TC Palaya,1200.0,7.0,110.0,8,9166.666666666666
Jp nagar 8th Phase .,12000.0,12.0,525.0,10,4375.0
Thurahalli,1200.0,5.0,195.0,5,16250.0
Hulimavu,1818.0,3.0,135.0,3,7425.742574257426
Volagerekallahalli,1070.0,2.0,33.0,2,3084.11214953271
Rajaji Nagar,1640.0,3.0,241.0,3,14695.121951219513
Nagarbhavi,1350.0,2.0,54.6,3,4044.4444444444443
Chandapura,630.0,1.0,27.0,2,4285.714285714285
Hoodi,1430.0,2.0,113.0,2,7902.097902097902
Nagavara,2430.0,4.0,180.0,3,7407.407407407408
Nobo Nagar,1500.0,7.0,220.0,6,14666.666666666666
Sarjapur  Road,1084.0,2.0,55.0,2,5073.8007380073805
Hennur Road,1186.0,2.0,56.0,3,4721.753794266442
Kengeri,1255.0,2.0,50.0,2,3984.06374501992
Haralur Road,3400.0,5.0,240.0,4,7058.823529411765
Hosa Road,1541.0,3.0,69.84,3,4532.121998702141
Iblur Village,3596.0,5.0,282.0,4,7842.046718576195
Raja Rajeshwari Nagar,1295.0,2.0,70.0,2,5405.405405405405
Kasavanhalli,1000.0,4.0,110.0,3,11000.0
Sanjeevini Nagar,2820.0,3.0,285.0,3,10106.382978723404
7th Phase JP Nagar,1370.0,2.0,54.79,3,3999.2700729927005
Electronic City,1100.0,2.0,40.0,2,3636.3636363636365
Hebbal,4772.0,6.0,510.0,4,10687.34283319363
Rajaji Nagar,1370.0,2.0,170.0,2,12408.759124087592
7th Phase JP Nagar,1370.0,2.0,54.79,3,3999.2700729927005
JP Nagar,1200.0,2.0,62.0,2,5166.666666666667
Gunjur,2000.0,3.0,95.0,4,4750.0
9th Phase JP Nagar,3500.0,4.0,300.0,4,8571.42857142857
2nd Stage Nagarbhavi,1200.0,4.0,240.0,5,20000.0
Kengeri,2400.0,5.0,253.0,4,10541.666666666666
Sarjapur  Road,1220.0,3.0,62.0,3,5081.9672131147545
Kanakapura Road,1950.0,3.0,130.0,3,6666.666666666667
Somasundara Palya,1178.0,2.0,73.0,2,6196.9439728353145
Dasanapura,1286.0,3.0,61.44,3,4777.604976671851
Begur Road,1160.0,2.0,42.0,2,3620.689655172414
Jigani,918.0,2.0,55.0,2,5991.285403050109
Electronic City,1563.0,3.0,91.84,3,5875.879718490083
Govindpura,1326.0,2.0,62.17,2,4688.536953242836
3rd Block Jayanagar,1350.0,2.0,140.0,3,10370.37037037037
Hebbal,3960.0,5.0,386.0,4,9747.474747474747
Begur Road,1240.0,2.0,39.06,2,3150.0
Kaggadasapura,1325.0,2.0,50.0,2,3773.5849056603774
Sonnenahalli,1100.0,2.0,44.0,2,4000.0
Cunningham Road,3875.0,3.0,800.0,3,20645.16129032258
Gollarapalya Hosahalli,1605.0,3.0,50.0,3,3115.264797507788
Hennur Road,5600.0,5.0,515.0,5,9196.42857142857
Somasundara Palya,1260.0,2.0,60.0,2,4761.9047619047615
Hoodi,1553.0,3.0,83.09,3,5350.289761751449
Whitefield,1280.0,2.0,52.0,2,4062.5
Hebbal,1550.0,2.0,75.0,3,4838.709677419355
Arekere,1445.0,2.0,125.0,3,8650.519031141868
Murugeshpalya,1550.0,3.0,74.0,3,4774.193548387097
Electronics City Phase 1,1515.0,2.0,80.91,3,5340.59405940594
Hosa Road,1332.0,2.0,86.12,3,6465.465465465465
Electronic City,1652.0,3.0,70.0,3,4237.28813559322
Hegde Nagar,1570.0,3.0,105.0,3,6687.898089171975
Sarjapur  Road,5400.0,4.0,725.0,4,13425.925925925925
Sector 2 HSR Layout,794.0,1.0,60.0,1,7556.675062972292
Seegehalli,1200.0,2.0,62.0,3,5166.666666666667
7th Phase JP Nagar,3600.0,3.0,410.0,4,11388.888888888889
Hosakerehalli,1200.0,3.0,175.0,3,14583.333333333334
JP Nagar,1650.0,3.0,220.0,4,13333.333333333334
Chandra Layout,600.0,2.0,85.0,4,14166.666666666666
HRBR Layout,2800.0,3.0,250.0,3,8928.57142857143
Sarjapur  Road,1750.0,3.0,110.0,3,6285.714285714285
Hebbal,1053.0,2.0,48.0,2,4558.404558404558
Kanakpura Road,1100.0,3.0,53.0,3,4818.181818181818
Kadubeesanahalli,1665.0,3.0,70.0,3,4204.204204204204
Outer Ring Road East,4051.0,4.0,345.0,4,8516.415699827203
Malleshwaram,5500.0,5.0,1500.0,4,27272.727272727272
Bommasandra,1447.0,3.0,80.0,3,5528.6800276434005
Balagere,1012.0,2.0,75.0,2,7411.067193675889
Malleshpalya,1900.0,3.0,60.0,3,3157.8947368421054
Narayanapura,1308.0,2.0,92.66,2,7084.0978593272175
Green Glen Layout,3250.0,4.0,230.0,4,7076.923076923077
Hormavu,1351.0,2.0,53.0,1,3923.019985196151
Electronic City,1000.0,2.0,22.0,2,2200.0
J P Nagar 7th Phase Ramayya City,1200.0,4.0,350.0,4,29166.666666666668
Gunjur,1140.0,2.0,49.11,2,4307.894736842105
Jakkur,3181.0,4.0,260.5,4,8189.248663942157
Uttarahalli,1250.0,2.0,55.0,3,4400.0
Kanakapura,1290.0,3.0,45.15,3,3500.0
Ambedkar Nagar,1424.0,2.0,90.0,2,6320.224719101124
Garudachar Palya,1320.0,2.0,60.6,3,4590.909090909091
Akshaya Nagar,1662.0,3.0,85.5,3,5144.404332129964
Shanthala Nagar,8321.0,5.0,2700.0,5,32448.02307414974
Begur Road,1200.0,2.0,45.0,2,3750.0
Koramangala,1975.0,3.0,210.0,3,10632.911392405063
Garudachar Palya,1295.0,2.0,59.5,3,4594.594594594595
Battarahalli,1777.0,3.0,100.0,3,5627.462014631401
Kadugodi,1900.0,3.0,108.0,3,5684.210526315789
Anandapura,1576.0,3.0,59.1,3,3750.0
Sompura,1020.0,2.0,41.0,2,4019.607843137255
Green Domain Layout,2100.0,3.0,170.0,3,8095.238095238095
Raja Rajeshwari Nagar,648.0,1.0,31.75,1,4899.691358024691
Neeladri Nagar,1167.0,2.0,38.0,3,3256.212510711225
Vyalikaval,1000.0,7.0,160.0,7,16000.0
Hoodi,1220.0,2.0,50.89,2,4171.311475409836
Kogilu,2350.0,5.0,327.0,3,13914.893617021276
Vittasandra,1259.0,2.0,67.4,2,5353.455123113583
Gottigere,2000.0,4.0,82.0,4,4100.0
8th Phase JP Nagar,1800.0,3.0,80.0,3,4444.444444444444
Cleveland Town,1991.0,3.0,160.0,3,8036.162732295329
Bannerghatta,1665.0,3.0,110.0,3,6606.606606606607
"Hoodi Circle, ",1234.0,2.0,61.0,2,4943.273905996759
Mysore Road,1340.0,2.0,64.31,3,4799.253731343284
Banashankari,1170.0,2.0,46.79,2,3999.1452991452993
Electronics City Phase 1,995.0,2.0,46.0,2,4623.115577889447
Old Airport Road,1075.0,2.0,60.0,2,5581.395348837209
Electronic City,1025.0,2.0,54.5,2,5317.073170731707
Rachenahalli,2721.0,3.0,113.0,3,4152.884968761485
Thanisandra,2000.0,3.0,99.0,3,4950.0
Whitefield,2500.0,4.0,155.0,4,6200.0
Mallasandra,1325.0,2.0,70.0,2,5283.018867924528
Kadugodi,1314.0,2.0,68.2,2,5190.258751902587
Kanakpura Road,2265.0,3.0,136.0,3,6004.415011037528
7th Phase JP Nagar,4800.0,7.0,170.0,7,3541.6666666666665
Yelahanka,1026.0,2.0,41.0,2,3996.101364522417
Syndicate Bank Colony,1200.0,3.0,66.0,3,5500.0
Kada Agrahara,2220.0,4.0,65.0,3,2927.927927927928
KR Puram,1192.5,2.0,51.22,2,4295.17819706499
Hebbal,1420.0,2.0,99.39,2,6999.295774647887
Sarjapur  Road,1888.0,4.0,95.0,3,5031.779661016949
JP Nagar,1300.0,2.0,90.87,2,6990.0
Rajaji Nagar,1216.0,2.0,97.16,2,7990.131578947368
"Off Sarjapur road, ",3000.0,4.0,342.0,4,11400.0
Begur,1559.0,3.0,63.0,3,4041.0519563822963
Harlur,1290.0,2.0,87.0,2,6744.186046511628
M C Layout,2400.0,6.0,245.0,6,10208.333333333334
Whitefield,905.0,1.0,55.0,1,6077.348066298343
Nanjappa Layout,1069.0,2.0,55.0,2,5144.9953227315245
Sarjapura - Attibele Road,829.0,2.0,22.8,2,2750.301568154403
Koramangala,1900.0,2.0,200.0,2,10526.315789473685
Sarjapur  Road,1300.0,3.0,60.0,3,4615.384615384615
Channasandra,1115.0,2.0,33.45,2,3000.0000000000005
Rajaji Nagar,2409.0,3.0,360.0,3,14943.960149439601
Ambedkar Nagar,2150.0,4.0,125.0,3,5813.953488372093
Marathahalli,1305.0,2.0,69.0,3,5287.35632183908
Kanakpura Road,1252.0,2.0,56.32,2,4498.402555910543
Hosakerehalli,2400.0,5.0,250.0,5,10416.666666666666
Whitefield,1200.0,2.0,46.13,2,3844.1666666666665
Koramangala,1750.0,3.0,130.0,3,7428.571428571428
Electronic City Phase II,545.0,1.0,35.0,2,6422.018348623853
BEL Layout,1375.0,2.0,105.0,2,7636.363636363636
Subramanyapura,1313.0,2.0,66.5,2,5064.737242955065
Attibele,3640.0,4.0,275.0,4,7554.945054945055
Akshayanagara East,1693.0,3.0,108.0,3,6379.208505611341
JCR Layout,1160.0,2.0,41.75,2,3599.137931034483
Sri Kanteshwara Nagar,1200.0,3.0,200.0,3,16666.666666666668
Subramanyapura,1255.0,2.0,79.0,3,6294.820717131474
KR Puram,1000.0,4.0,75.0,4,7500.0
Bellari Road,900.0,2.0,45.0,2,5000.0
Yelahanka New Town,1700.0,3.0,90.0,3,5294.117647058823
Indira Nagar,1875.0,3.0,180.0,3,9600.0
Uttarahalli,1700.0,3.0,88.0,3,5176.470588235294
Harlur,1749.0,3.0,115.0,3,6575.18582046884
Dasanapura,1500.0,3.0,65.0,2,4333.333333333333
Varanasi,1175.0,2.0,48.0,2,4085.1063829787236
Akshaya Nagar,1280.0,2.0,60.0,2,4687.5
Abbaiah Reddy Layout,1200.0,2.0,50.0,2,4166.666666666667
Ramagondanahalli,1610.0,2.0,115.0,3,7142.857142857143
Electronic City,1070.0,2.0,46.0,2,4299.065420560748
TC Palaya,1200.0,2.0,66.0,2,5500.0
9th Phase JP Nagar,1127.0,2.0,50.0,2,4436.557231588287
Indira Nagar,1210.0,2.0,102.0,2,8429.752066115703
Jyothi Nagar,600.0,2.0,23.0,2,3833.3333333333335
Thigalarapalya,4190.0,4.0,380.0,4,9069.212410501194
Tata Nagar,1364.0,2.0,70.0,2,5131.964809384164
Whitefield,2268.0,3.0,146.0,4,6437.389770723104
RK Layout 2nd Stage,1150.0,2.0,77.5,3,6739.130434782609
Tirumanahalli,1146.0,2.0,39.5,2,3446.7713787085513
Magadi Road,1345.0,2.0,55.0,2,4089.2193308550186
Mylasandra,1110.0,2.0,41.0,2,3693.6936936936936
Kengeri,750.0,2.0,36.0,2,4800.0
Motappa Layout,1156.0,2.0,49.5,2,4282.006920415225
Pattandur Agrahara,1247.0,2.0,59.8,2,4795.50922213312
Mangammanapalya,1058.0,2.0,60.0,2,5671.077504725898
Kaggalipura,950.0,2.0,48.0,2,5052.631578947368
Vasanthapura,420.0,2.0,35.0,2,8333.333333333334
BTM 1st Stage,600.0,2.0,90.0,4,15000.0
Vijayanagar,1520.0,2.0,103.0,3,6776.315789473684
Marathahalli,1215.0,2.0,58.86,2,4844.444444444444
Raghuvanahalli,900.0,1.0,30.0,1,3333.3333333333335
Hennur Road,2350.0,3.0,174.0,3,7404.255319148936
Thanisandra,1050.0,2.0,46.0,2,4380.952380952381
 Devarabeesana Halli,1672.0,3.0,150.0,3,8971.291866028709
Laggere,2800.0,5.0,125.0,5,4464.285714285715
MCECHS  layout,1500.0,2.0,65.0,3,4333.333333333333
Geddalahalli,1400.0,2.0,65.0,2,4642.857142857143
8th Phase JP Nagar,2700.0,4.0,130.0,4,4814.814814814815
Bommasandra,920.0,2.0,37.46,2,4071.7391304347825
Sarjapur  Road,1200.0,3.0,70.0,3,5833.333333333333
Brindavan Nagar,1250.0,3.0,139.0,3,11120.0
Hosakerehalli,1817.0,4.0,153.0,3,8420.473307649972
Cooke Town,2043.0,6.0,375.0,5,18355.359765051395
HSR Layout,1140.0,2.0,46.0,2,4035.0877192982457
Yelahanka,4346.0,4.0,450.0,4,10354.348826507134
Haralur Road,1464.0,2.0,56.0,2,3825.136612021858
Ambedkar Colony,1468.0,3.0,130.0,2,8855.58583106267
Electronics City Phase 1,1555.0,2.0,82.0,3,5273.311897106109
Munnekollal,1200.0,4.0,110.0,6,9166.666666666666
Whitefield,1150.0,2.0,55.0,2,4782.608695652174
Kadubeesanahalli,970.0,2.0,35.0,2,3608.2474226804125
Banashankari,2500.0,4.0,95.0,4,3800.0
Seetharampalya,1166.0,2.0,53.0,2,4545.454545454545
Konanakunte,2779.0,3.0,317.0,3,11406.980928391507
Electronic City,1350.0,3.0,58.0,3,4296.2962962962965
Mariyannapalya,900.0,2.0,46.0,2,5111.111111111111
7th Phase JP Nagar,1300.0,2.0,52.0,3,4000.0
Kanaka Nagar,1190.0,3.0,55.0,3,4621.848739495798
Kodichikkanahalli,1495.0,2.0,75.0,3,5016.722408026756
Indira Nagar,1224.0,2.0,105.0,2,8578.43137254902
Banashankari Stage III,1350.0,2.0,68.0,3,5037.037037037037
Green Glen Layout,940.0,2.0,56.8,2,6042.553191489362
Raja Rajeshwari Nagar,1100.0,2.0,55.0,2,5000.0
Kaikondrahalli,1300.0,2.0,61.0,2,4692.307692307692
Palace Road,1480.0,2.0,145.0,3,9797.297297297297
Hoodi,1105.0,2.0,46.37,2,4196.380090497738
Sarjapur  Road,2600.0,3.0,200.0,3,7692.307692307692
Yelahanka,1517.0,3.0,76.3,3,5029.663810151615
Horamavu Banaswadi,3800.0,8.0,200.0,6,5263.1578947368425
Jalahalli,1615.0,3.0,89.75,3,5557.275541795666
MCECHS  layout,1500.0,3.0,65.0,3,4333.333333333333
Mysore Road,1082.0,3.0,50.5,3,4667.28280961183
Marathahalli,1365.0,2.0,73.0,2,5347.985347985348
Electronic City,1000.0,2.0,25.0,2,2500.0
CV Raman Nagar,1392.0,2.0,98.0,2,7040.229885057472
Kodigehalli,1086.0,2.0,33.66,2,3099.4475138121543
Hennur Road,1586.0,3.0,93.94,3,5923.076923076923
Hennur,1100.0,2.0,60.0,2,5454.545454545455
Electronic City Phase II,1065.0,2.0,30.75,2,2887.323943661972
TC Palaya,1500.0,2.0,120.0,3,8000.0
7th Phase JP Nagar,1575.0,2.0,120.0,3,7619.047619047619
Hennur Road,1975.0,3.0,123.0,3,6227.848101265823
Nelamangala,820.0,2.0,24.0,2,2926.829268292683
Gubbalala,1745.0,3.0,110.0,3,6303.7249283667625
Nagarbhavi,1223.0,2.0,60.0,2,4905.968928863451
Ananth Nagar,1200.0,2.0,65.0,3,5416.666666666667
Basaveshwara Nagar,1200.0,2.0,90.0,2,7500.0
Binny Pete,665.0,1.0,46.08,1,6929.3233082706765
Bharathi Nagar,1351.0,2.0,70.0,2,5181.347150259067
Hebbal,1355.0,3.0,83.87,3,6189.667896678967
Sector 7 HSR Layout,3900.0,3.0,300.0,3,7692.307692307692
Thanisandra,1588.0,3.0,75.55,3,4757.556675062972
Amruthahalli,900.0,2.0,60.0,2,6666.666666666667
Bhuvaneshwari Nagar,440.0,3.0,50.0,3,11363.636363636364
Harlur,3385.0,4.0,260.0,4,7680.945347119646
Panathur,1370.0,2.0,75.0,3,5474.4525547445255
Whitefield,1500.0,3.0,71.8,3,4786.666666666667
Pulikeshi Nagar,2280.0,3.0,285.0,3,12500.0
Kanakpura Road,1100.0,3.0,53.0,3,4818.181818181818
Hoodi,1247.0,2.0,53.0,2,4250.200481154771
Domlur Layout,2000.0,3.0,200.0,3,10000.0
Balagere,1020.07,2.0,68.38,2,6703.461527150097
Gunjur Palya,1033.0,2.0,32.0,3,3097.773475314618
B Narayanapura,1460.0,2.0,73.0,3,5000.0
Garudachar Palya,1150.0,2.0,52.8,2,4591.304347826087
Sarjapur  Road,5965.0,5.0,385.0,5,6454.316848281643
Babusapalaya,1141.0,2.0,46.0,2,4031.5512708150745
Yelahanka,2912.5,6.0,125.5,4,4309.01287553648
Doddaballapur,4200.0,4.0,325.0,4,7738.0952380952385
Hosa Road,1665.0,2.0,125.0,3,7507.507507507507
Kanakapura,1295.0,2.0,64.0,2,4942.084942084942
Haralur Road,1230.0,2.0,78.0,2,6341.463414634146
Anand Nagar,1080.0,2.0,75.0,3,6944.444444444444
Kaggalipura,1000.0,2.0,60.0,2,6000.0
Kaval Byrasandra,2400.0,2.0,50.0,3,2083.3333333333335
Whitefield,630.5,1.0,32.79,1,5200.634417129262
Rayasandra,1708.0,3.0,75.0,3,4391.100702576113
Thanisandra,1697.0,3.0,115.0,3,6776.664702416028
Whitefield,3537.0,5.0,210.0,4,5937.234944868533
Hosa Road,615.0,1.0,28.29,1,4600.0
Banashankari,1350.0,2.0,83.0,3,6148.148148148148
Jalahalli,1083.0,2.0,32.49,2,3000.0
Gottigere,1460.0,2.0,65.0,3,4452.054794520548
Babusapalaya,1084.0,2.0,58.0,2,5350.553505535056
Bommasandra,1035.0,2.0,41.43,2,4002.8985507246375
Vijaya Bank Layout,2400.0,2.0,150.0,3,6250.0
Hosur Road,460.0,1.0,21.0,1,4565.217391304348
Narayanappa Layout,950.0,5.0,90.0,5,9473.684210526315
Whitefield,1285.0,2.0,55.9,2,4350.194552529183
1Hanuman Nagar,2000.0,16.0,490.0,19,24500.0
Sarjapur,1200.0,3.0,78.0,3,6500.0
Raghuvanahalli,1070.0,2.0,35.0,2,3271.0280373831774
Hegde Nagar,1801.0,3.0,140.0,3,7773.459189339256
Whitefield,1697.0,3.0,115.0,3,6776.664702416028
AECS Layout,1199.0,2.0,65.0,2,5421.184320266889
Iblur Village,2300.0,3.0,220.0,3,9565.217391304348
Mysore Road,1340.0,2.0,64.31,3,4799.253731343284
Marathahalli,3800.0,4.0,205.0,4,5394.736842105263
Jigani,600.0,5.0,50.0,5,8333.333333333334
Wilson Garden,1125.0,2.0,75.0,2,6666.666666666667
Anandapura,1200.0,2.0,67.0,2,5583.333333333333
Subramanyapura,1050.0,2.0,41.0,2,3904.7619047619046
Nagarbhavi,956.0,2.0,49.0,2,5125.523012552301
Sarjapur,1000.0,2.0,30.0,2,3000.0
Dooravani Nagar,1596.0,3.0,95.0,3,5952.380952380952
Kumbhena Agrahara,1200.0,5.0,150.0,6,12500.0
Kanakpura Road,1296.0,2.0,89.06,2,6871.913580246914
NS Palya,1200.0,7.0,170.0,6,14166.666666666666
Challaghatta,1639.0,3.0,123.0,3,7504.5759609518
Electronic City Phase II,1219.0,2.0,61.25,2,5024.610336341263
Uttarahalli,1200.0,3.0,50.0,3,4166.666666666667
Bannerghatta Road,1218.0,2.0,73.0,2,5993.431855500821
Nyanappana Halli,920.0,2.0,37.0,2,4021.7391304347825
Yeshwanthpur,2559.0,3.0,141.0,3,5509.964830011723
2nd Phase Judicial Layout,525.0,1.0,26.0,1,4952.380952380952
Bannerghatta Road,1427.0,2.0,48.51,3,3399.4393833216536
Kothannur,1270.0,3.0,45.0,3,3543.3070866141734
Ramagondanahalli,920.0,2.0,65.0,2,7065.217391304348
Dommasandra,2700.0,3.0,68.0,4,2518.5185185185187
Indira Nagar 3rd Stage,1740.0,3.0,199.0,3,11436.781609195403
Ramamurthy Nagar,1355.0,2.0,40.0,3,2952.029520295203
Lingadheeranahalli,1530.0,2.0,90.0,3,5882.35294117647
Gokula Extension,1372.0,2.0,90.0,3,6559.766763848396
Nehru Nagar,2363.0,5.0,120.0,4,5078.290308929327
Marathahalli,3895.0,4.0,220.0,4,5648.267008985879
Jakkur,1950.0,3.0,131.0,3,6717.948717948718
Hoysalanagar,885.0,2.0,40.0,2,4519.774011299435
Yelahanka,600.0,2.0,27.0,2,4500.0
Kumaraswami Layout,1270.0,4.0,128.0,5,10078.740157480315
Vijayanagar,1380.0,2.0,225.0,2,16304.347826086956
Kanakpura Road,1339.0,2.0,62.0,2,4630.321135175504
Whitefield,1130.0,2.0,36.0,2,3185.8407079646017
Uttarahalli,1085.0,2.0,43.0,2,3963.1336405529955
Yeshwanthpur,1430.0,3.0,72.0,3,5034.965034965035
Bhoganhalli,1451.5,4.0,121.0,4,8336.203926972097
Ramakrishnappa Layout,6200.0,5.0,720.0,5,11612.90322580645
AGS Layout,1490.0,2.0,59.6,3,4000.0
Vishwanatha Nagenahalli,1650.0,4.0,99.0,4,6000.0
Bellandur,1286.0,2.0,57.0,2,4432.348367029549
KR Garden,925.0,2.0,63.0,2,6810.810810810811
Bellandur,3016.0,4.0,230.0,4,7625.994694960213
Haralur Road,1000.0,2.0,44.0,2,4400.0
Whitefield,1215.0,2.0,39.0,2,3209.8765432098767
Kanakadasa Layout,1200.0,3.0,95.0,4,7916.666666666667
Lakshminarayana Pura,1336.0,2.0,100.0,2,7485.029940119761
Yeshwanthpur,673.0,1.0,36.85,1,5475.482912332838
Anandapura,1200.0,2.0,58.0,2,4833.333333333333
Lingarajapuram,600.0,7.0,63.0,6,10500.0
Malleshwaram,1600.0,3.0,160.0,3,10000.0
Mallathahalli,1200.0,2.0,79.0,2,6583.333333333333
Indira Nagar,2480.0,4.0,750.0,6,30241.935483870966
Jayamahal Extension,2500.0,3.0,270.0,3,10800.0
Devanahalli,2400.0,5.0,100.0,5,4166.666666666667
Sector 2 HSR Layout,1143.0,2.0,65.0,2,5686.789151356081
Kanakpura Road,1470.0,2.0,61.74,2,4200.0
Laxminarayana Layout,1584.0,3.0,145.0,4,9154.040404040405
Marathahalli,1785.0,3.0,94.0,3,5266.106442577031
Koramangala,2292.0,3.0,286.0,3,12478.184991273996
Kothanur,1460.0,3.0,71.0,3,4863.013698630137
Kasturi Nagar,1500.0,2.0,80.0,3,5333.333333333333
Yelahanka,1200.0,4.0,140.0,5,11666.666666666666
Sanjay nagar,3300.0,3.0,250.0,5,7575.757575757576
Chikkalasandra,1230.0,2.0,48.0,2,3902.439024390244
Yelahanka New Town,650.0,1.0,20.0,1,3076.923076923077
Benson Town,1480.0,2.0,120.0,2,8108.108108108108
Thanisandra,1220.0,2.0,43.92,2,3600.0
Dooravani Nagar,1570.0,3.0,115.0,3,7324.84076433121
Sadashiva Nagar,3000.0,3.0,400.0,3,13333.333333333334
Mallasandra,1665.0,3.0,86.91,3,5219.81981981982
Banagiri Nagar,1350.0,3.0,380.0,3,28148.14814814815
Sarjapur  Road,4000.0,5.0,600.0,4,15000.0
Ramamurthy Nagar,1100.0,2.0,68.0,2,6181.818181818182
Kathriguppe,1350.0,2.0,87.01,3,6445.185185185185
Kasavanhalli,1719.0,3.0,116.0,3,6748.109365910413
Budigere,664.0,1.0,35.0,1,5271.084337349397
Sonnenahalli,1011.0,2.0,50.53,2,4998.021760633037
Akshya Nagar,2400.0,6.0,130.0,6,5416.666666666667
Basaveshwara Nagar Yelahanka,1680.0,3.0,85.0,3,5059.523809523809
Yeshwanthpur,717.0,2.0,49.475,2,6900.278940027894
Thyagaraja Nagar,700.0,4.0,110.0,4,15714.285714285714
Whitefield,1520.0,2.0,150.0,3,9868.421052631578
Uttarahalli,1350.0,2.0,53.0,3,3925.925925925926
Kothanur,1760.0,3.0,150.0,3,8522.727272727272
Pattandur Agrahara,875.0,2.0,33.0,2,3771.4285714285716
Hennur,1231.0,2.0,48.0,2,3899.268887083672
Somasundara Palya,1174.0,2.0,74.0,2,6303.236797274276
Munnekollal,1560.0,3.0,75.0,3,4807.692307692308
HOSUR MAIN ROAD,1464.0,2.0,56.0,2,3825.136612021858
Kanakpura Road,2200.0,3.0,130.0,3,5909.090909090909
Shivaji Nagar,850.0,2.0,55.0,2,6470.588235294118
Sahyadri Layout,1750.0,3.0,180.0,3,10285.714285714286
1st Phase JP Nagar,2024.0,3.0,157.0,3,7756.916996047431
Mathikere SBM colony,1500.0,1.0,160.0,2,10666.666666666666
"white field,kadugodi",2100.0,6.0,275.0,6,13095.238095238095
Kodihalli,2408.0,4.0,260.0,3,10797.34219269103
Devanahalli,1080.0,2.0,44.0,2,4074.074074074074
Indira Nagar,2070.0,3.0,225.0,3,10869.565217391304
Electronic City,1020.0,2.0,29.46,2,2888.235294117647
Begur Road,1500.0,2.0,55.0,3,3666.6666666666665
Mahalakshmi Layout,1575.0,5.0,158.0,4,10031.746031746032
Kodichikkanahalli,3250.0,4.0,180.0,4,5538.461538461538
Uttarahalli,1175.0,2.0,47.0,2,4000.0
Channasandra,1030.0,2.0,34.5,2,3349.5145631067962
Hebbal,1440.0,2.0,115.0,2,7986.111111111111
Hoodi,1500.0,2.0,84.0,2,5600.0
Thanisandra,1380.0,1.0,62.1,1,4500.0
Bagalur,1200.0,2.0,50.0,2,4166.666666666667
Vinayak Nagar,705.0,1.0,36.5,1,5177.304964539007
Harlur,2240.0,5.0,155.0,3,6919.642857142857
Hegde Nagar,1584.01,3.0,103.0,3,6502.484201488627
P Krishnappa Layout,1340.0,3.0,77.0,3,5746.268656716418
Green Garden Layout,1800.0,3.0,70.0,3,3888.8888888888887
R.T. Nagar,1200.0,2.0,45.0,2,3750.0
Sarjapur  Road,685.0,1.0,40.0,1,5839.41605839416
Kalkere,925.0,2.0,42.0,2,4540.540540540541
Crimson Layout,1230.0,2.0,57.0,2,4634.1463414634145
Manjunath Nagar,1200.0,5.0,185.0,5,15416.666666666666
Kodichikkanahalli,1125.0,2.0,52.0,2,4622.222222222223
Hebbal,1100.0,2.0,54.0,2,4909.090909090909
Jigani,2400.0,3.0,149.0,3,6208.333333333333
Electronic City Phase II,1400.0,2.0,41.58,3,2970.0
Uttarahalli,1200.0,7.0,225.0,7,18750.0
Jakkur,1858.0,3.0,98.3,3,5290.635091496232
Adityanagar,1260.0,1.0,41.0,1,3253.968253968254
Ambedkar Nagar,3530.0,4.0,290.0,4,8215.297450424929
HSR Layout,1185.0,2.0,60.0,2,5063.291139240507
RMV 2nd Stage,1200.0,2.0,216.0,2,18000.0
Hennur,1255.0,2.0,58.0,2,4621.5139442231075
Rajaji Nagar,3436.0,6.0,475.0,4,13824.214202561117
Kudlu Gate,1335.0,3.0,89.0,3,6666.666666666667
Dodda Nekkundi,1999.0,3.0,132.0,3,6603.301650825412
Kanaka Nagar,1200.0,2.0,125.0,2,10416.666666666666
Kundalahalli,1397.0,3.0,110.0,3,7874.0157480314965
Jigani,1200.0,10.0,105.0,10,8750.0
Cooke Town,3950.0,4.0,450.0,4,11392.405063291139
Yelahanka New Town,1200.0,2.0,130.0,2,10833.333333333334
Chikka Tirupathi,1616.0,3.0,95.0,3,5878.712871287129
Banashankari Stage III,1200.0,7.0,350.0,8,29166.666666666668
Hanumantha Nagar,1270.0,2.0,175.0,4,13779.527559055117
Raja Rajeshwari Nagar,1140.0,2.0,38.55,2,3381.578947368421
Kanakpura Road,525.0,1.0,30.0,1,5714.285714285715
Varthur,1200.0,2.0,98.0,3,8166.666666666667
Bagalakunte,700.0,1.0,162.0,1,23142.85714285714
Balagere,1205.47,2.0,81.0,2,6719.370867794304
T Dasarahalli,1200.0,3.0,130.0,3,10833.333333333334
Electronic City,1700.0,3.0,75.0,3,4411.764705882353
Thanisandra,750.0,4.0,62.0,5,8266.666666666666
Kanakpura Road,1090.0,2.0,54.54,2,5003.6697247706425
Yeshwanthpur,3600.0,5.0,220.0,4,6111.111111111111
Kundalahalli,2400.0,1.0,650.0,1,27083.333333333332
Thanisandra,923.0,1.0,60.84,1,6591.549295774648
Muthurayya Swamy Layout,3595.0,6.0,360.0,4,10013.908205841446
Green Glen Layout,1050.0,2.0,48.0,2,4571.428571428572
Whitefield,1495.0,2.0,79.5,2,5317.725752508361
Narayanapura,1485.0,3.0,85.0,3,5723.905723905724
Dommasandra,1033.0,2.0,31.5,3,3049.3707647628266
Electronic City,1400.0,2.0,48.0,3,3428.5714285714284
Indira Nagar,500.0,1.0,70.0,1,14000.0
Sarjapur  Road,944.0,2.0,35.0,2,3707.6271186440677
Whitefield,3250.0,5.0,290.0,5,8923.076923076924
Whitefield,1216.0,2.0,66.48,2,5467.105263157895
Thirumenahalli,1100.0,2.0,39.5,2,3590.909090909091
Thanisandra,1743.0,3.0,93.25,3,5349.971313826735
Yelahanka,1274.0,2.0,48.42,2,3800.6279434850862
Lavelle Road,2500.0,3.0,425.0,3,17000.0
Mysore Road,1512.0,2.0,110.0,3,7275.132275132275
Dollars Colony,3100.0,5.0,385.0,4,12419.354838709678
Cox Town,1650.0,3.0,100.0,3,6060.606060606061
Doddathoguru,1875.0,3.0,55.0,3,2933.3333333333335
Whitefield,1350.0,3.0,54.0,3,4000.0
Rajiv Gandhi Nagar,1219.0,2.0,40.0,2,3281.3781788351107
Goraguntepalya,1200.0,4.0,150.0,4,12500.0
Sarjapura - Attibele Road,2400.0,3.0,85.0,3,3541.6666666666665
Hormavu,1141.0,2.0,44.4,2,3891.3234005258546
Anandapura,1151.0,2.0,43.1,2,3744.5699391833186
Bommenahalli,832.0,3.0,77.0,3,9254.807692307691
Sarjapur  Road,915.0,2.0,38.0,2,4153.005464480874
Rajankunte,3259.0,3.0,270.0,3,8284.749923289353
Bannerghatta Road,1115.0,2.0,65.12,2,5840.358744394619
Thigalarapalya,2072.0,4.0,139.0,3,6708.494208494209
Kaggadasapura,1200.0,2.0,53.0,2,4416.666666666667
Singasandra,1300.0,2.0,65.0,2,5000.0
Bellandur,1457.0,2.0,85.0,2,5833.905284831846
Kannamangala,1262.0,2.0,55.0,2,4358.161648177496
BEML Layout,1196.0,3.0,150.0,4,12541.80602006689
Ananth Nagar,900.0,2.0,22.5,2,2500.0
Attibele,420.0,1.0,17.0,1,4047.6190476190477
Kanakapura,1160.0,2.0,46.39,2,3999.137931034483
Kasavanhalli,1115.0,2.0,50.0,2,4484.304932735426
JP Nagar,1315.0,2.0,85.4,3,6494.296577946768
Babusapalaya,1500.0,2.0,57.0,2,3800.0
HSR Layout,1127.0,2.0,68.0,2,6033.717834960071
Kundalahalli,1397.0,3.0,104.0,3,7444.523979957051
Whitefield,1173.0,2.0,60.0,2,5115.089514066496
Sompura,1090.0,2.0,28.0,2,2568.8073394495414
Sarjapur  Road,2720.0,5.0,210.0,3,7720.588235294118
Jakkur,1230.0,2.0,76.0,2,6178.861788617886
6th Block Rajaji Nagar,3200.0,3.0,190.0,4,5937.5
Sarjapur  Road,858.0,2.0,31.57,2,3679.4871794871797
Talaghattapura,1868.0,3.0,121.0,3,6477.516059957174
Uttarahalli,1689.28,3.0,91.2,3,5398.74976321273
Vishwapriya Layout,600.0,3.0,73.0,4,12166.666666666666
Banashankari,1425.0,3.0,49.88,3,3500.3508771929824
Subramanyapura,1200.0,6.0,170.0,6,14166.666666666666
Tindlu,1350.0,2.0,100.0,2,7407.407407407408
Channasandra,4200.0,6.0,180.0,6,4285.714285714285
Uttarahalli,1310.0,2.0,85.0,3,6488.5496183206105
MLA Layout,970.0,2.0,40.0,2,4123.711340206186
Kundalahalli,1397.0,3.0,108.0,3,7730.851825340014
Sarjapur,1157.0,2.0,40.0,2,3457.216940363008
Kasavanhalli,1125.0,2.0,61.2,2,5440.0
Sonnenahalli,1157.0,2.0,42.0,2,3630.077787381158
Sarjapur  Road,1241.0,2.0,82.0,2,6607.57453666398
Binny Pete,660.0,1.0,62.0,1,9393.939393939394
Marathahalli,4000.0,4.0,220.0,4,5500.0
Rajiv Nagar,2340.0,4.0,148.0,4,6324.786324786325
Venkatadri Layout,596.0,1.0,42.0,1,7046.979865771812
Koramangala Industrial Layout,10000.0,16.0,550.0,16,5500.0
Kyalasanahalli,1200.0,4.0,110.0,4,9166.666666666666
Ambedkar Colony,1910.0,3.0,190.0,3,9947.643979057591
Brookefield,1139.0,2.0,80.0,2,7023.705004389815
Thigalarapalya,3122.0,5.0,225.0,4,7206.91864189622
Sarjapura - Attibele Road,1033.0,2.0,28.41,2,2750.242013552759
Yeshwanthpur,1168.0,2.0,64.08,2,5486.301369863014
Chandapura,877.0,2.0,42.0,2,4789.053591790193
Electronics City Phase 1,1340.0,2.0,75.0,2,5597.014925373134
B Narayanapura,1405.0,2.0,70.0,3,4982.20640569395
Siddapura,1800.0,3.0,65.0,3,3611.1111111111113
 Devarabeesana Halli,1750.0,3.0,149.0,3,8514.285714285714
Motappa Layout,1360.0,2.0,65.0,3,4779.411764705882
Malleshwaram,675.0,2.0,148.0,3,21925.925925925927
Byrasandra,985.0,2.0,63.0,2,6395.9390862944165
Victoria Layout,1300.0,2.0,129.0,2,9923.076923076924
7th Phase JP Nagar,1850.0,3.0,150.0,3,8108.108108108108
Rustam Bagh Layout,1490.0,2.0,88.0,3,5906.040268456376
Byagadadhenahalli,620.0,1.0,25.0,2,4032.2580645161293
Hormavu,1130.0,2.0,42.3,2,3743.362831858407
Yelachenahalli,1080.0,2.0,55.0,2,5092.592592592592
Singasandra,3126.0,4.0,120.0,4,3838.7715930902114
Begur Road,1410.0,2.0,52.17,3,3700.0
Bommanahalli,1375.0,3.0,59.0,3,4290.909090909091
Hennur Road,1290.0,2.0,94.5,3,7325.581395348837
Hosa Road,1318.0,2.0,85.28,3,6470.40971168437
Electronic City,1128.0,2.0,68.0,2,6028.368794326241
Meenakunte,4428.0,4.0,255.0,4,5758.807588075881
Kanakpura Road,1051.0,2.0,56.74,2,5398.667935299714
Kengeri,3500.0,5.0,275.0,3,7857.142857142857
Kannamangala,2400.0,4.0,130.0,4,5416.666666666667
Yelahanka,1327.0,2.0,85.0,2,6405.42577241899
Thigalarapalya,2912.0,6.0,210.0,4,7211.538461538462
Basapura,1301.0,2.0,55.0,2,4227.517294388932
Thippasandra,650.0,1.0,30.0,1,4615.384615384615
Varthur,1200.0,3.0,67.75,3,5645.833333333333
Banagiri Nagar,1500.0,2.0,89.99,3,5999.333333333333
Kumara Park,2700.0,6.0,675.0,4,25000.0
Nagadevanahalli,1350.0,4.0,145.0,4,10740.74074074074
Electronic City Phase II,1000.0,2.0,28.88,2,2888.0
Sarjapur  Road,984.0,2.0,45.91,2,4665.650406504065
Jakkur,1819.18,3.0,160.0,3,8795.17145087347
Nagarbhavi,900.0,1.0,175.0,1,19444.444444444445
Hebbal,1355.0,3.0,83.87,3,6189.667896678967
Sarakki Nagar,2145.0,4.0,270.0,3,12587.412587412588
Malleshwaram,2475.0,4.0,300.0,3,12121.212121212122
Kaggadasapura,1118.0,2.0,30.0,2,2683.3631484794278
Roopena Agrahara,910.0,1.0,42.0,1,4615.384615384615
Madiwala,1250.0,3.0,39.0,3,3120.0
Hosakerehalli,1304.0,2.0,100.0,2,7668.711656441717
Begur Road,1615.0,3.0,58.0,3,3591.331269349845
Sarjapur  Road,1400.0,2.0,68.0,2,4857.142857142857
CV Raman Nagar,1070.0,2.0,47.5,2,4439.252336448598
Hebbal,3500.0,3.0,395.0,3,11285.714285714286
Hoodi,1132.0,2.0,89.37,2,7894.876325088339
Rajarajeshwari Nagara,2000.0,3.0,85.0,3,4250.0
Hebbal,2400.0,5.0,550.0,7,22916.666666666668
Sector 2 HSR Layout,794.0,1.0,65.0,1,8186.39798488665
Raja Rajeshwari Nagar,1090.0,2.0,43.59,2,3999.0825688073396
Gottigere,1500.0,3.0,70.0,3,4666.666666666667
1st Phase JP Nagar,2059.0,3.0,225.0,3,10927.634774162214
Kanakpura Road,525.0,1.0,30.0,1,5714.285714285715
Bhoganhalli,1447.0,2.0,75.97,2,5250.172771250864
Whitefield,1269.0,2.0,75.0,2,5910.16548463357
KR Layout,4800.0,4.0,700.0,4,14583.333333333334
Kanakpura Road,1070.0,2.0,37.45,2,3500.0000000000005
Talaghattapura,1150.0,2.0,28.0,2,2434.782608695652
Marathahalli,1208.0,2.0,70.0,2,5794.701986754967
Ramamurthy Nagar,1185.0,2.0,45.5,2,3839.662447257384
Laggere,1200.0,3.0,130.0,3,10833.333333333334
Anekal,888.0,2.0,34.0,2,3828.828828828829
Chandapura,1015.0,2.0,25.88,2,2549.753694581281
Celebrity Paradise Layout,532.0,1.0,22.49,1,4227.443609022556
St Thomas Town,1060.0,3.0,62.0,3,5849.056603773585
Electronic City,700.0,1.0,35.0,1,5000.0
Ckikkakammana Halli,902.0,2.0,42.0,2,4656.319290465632
Banashankari 2nd Stage,600.0,3.0,95.0,6,15833.333333333334
Uttarahalli,1175.0,2.0,47.0,2,4000.0
Binny Pete,1365.0,2.0,122.0,2,8937.728937728938
Doddathoguru,984.0,2.0,51.0,2,5182.926829268293
Hebbal,2700.0,2.0,100.0,4,3703.703703703704
Jalahalli East,1475.0,3.0,96.0,3,6508.474576271186
Haralur Road,1300.0,2.0,79.0,2,6076.923076923077
5th Block Hbr Layout,1200.0,6.0,220.0,5,18333.333333333332
Babusapalaya,1453.0,2.0,43.59,3,3000.0
Munivenkatppa Layout,1550.0,2.0,160.0,2,10322.58064516129
Akshaya Nagar,1666.0,3.0,95.0,3,5702.280912364946
Akshaya Nagar,1410.0,4.0,160.0,4,11347.517730496455
Yelahanka,4025.0,5.0,800.0,4,19875.77639751553
Murugeshpalya,1845.0,3.0,91.0,3,4932.249322493225
Sarjapura - Attibele Road,1676.0,3.0,52.0,3,3102.6252983293557
Uttarahalli,1137.0,2.0,63.0,2,5540.8970976253295
Electronic City,1360.0,2.0,70.5,3,5183.823529411765
Vijaya Bank Layout,1374.0,2.0,70.0,3,5094.614264919942
Judicial Layout,1700.0,3.0,155.0,3,9117.64705882353
Whitefield,3227.0,5.0,250.0,5,7747.133560582584
Ferrar Nagar,2145.0,4.0,125.0,4,5827.505827505827
Koramangala,2400.0,6.0,600.0,4,25000.0
Kasavanhalli,2170.0,3.0,151.0,3,6958.52534562212
Bank Of Baroda Colony,1080.0,2.0,55.0,2,5092.592592592592
Electronic City Phase II,1790.0,3.0,100.0,3,5586.592178770949
Doddathoguru,550.0,1.0,17.0,1,3090.909090909091
Poorna Pragna Layout,1270.0,2.0,50.79,3,3999.212598425197
Somasundara Palya,1033.0,2.0,48.0,2,4646.660212971927
Kamala Nagar,1000.0,2.0,80.0,2,8000.0
Binny Pete,2940.0,6.0,280.0,4,9523.809523809523
Kumarapalli,1240.0,2.0,52.6,2,4241.935483870968
Kasturi Nagar,1650.0,5.0,450.0,5,27272.727272727272
Kambipura,883.0,2.0,39.0,2,4416.761041902605
Outer Ring Road East,1500.0,2.0,97.0,3,6466.666666666667
Marathahalli,1730.0,3.0,139.0,3,8034.682080924856
Kasavanhalli,1915.0,3.0,80.0,3,4177.545691906005
Whitefield,1545.0,3.0,79.0,3,5113.26860841424
Marenahalli,1865.0,4.0,140.0,3,7506.702412868633
Hebbal Kempapura,1150.0,2.0,40.0,2,3478.2608695652175
HAL 3rd Stage,1200.0,2.0,49.0,2,4083.3333333333335
Kengeri,963.0,2.0,40.0,2,4153.686396677051
Marsur,1200.0,3.0,120.0,3,10000.0
Basavangudi,2600.0,4.0,260.0,4,10000.0
Kaikondrahalli,1700.0,4.0,108.0,4,6352.941176470588
Lingadheeranahalli,1682.0,3.0,120.0,3,7134.36385255648
Yelahanka,1371.0,2.0,65.0,3,4741.064916119621
Hennur Road,901.0,2.0,49.5,2,5493.895671476138
Vishwapriya Layout,600.0,7.0,73.0,7,12166.666666666666
Ambalipura,1730.0,3.0,120.0,3,6936.416184971098
Konanakunte,1200.0,4.0,125.0,4,10416.666666666666
EPIP Zone,1500.0,3.0,102.0,3,6800.0
Sarjapur  Road,3785.0,6.0,280.0,4,7397.622192866578
Nagawara Junction,3500.0,4.0,245.0,4,7000.0
Lingarajapuram,1203.0,2.0,59.86,2,4975.893599334996
Horamavu Banaswadi,1357.0,2.0,54.0,2,3979.3662490788506
Vasantha Vallabha Nagar,1600.0,3.0,76.0,3,4750.0
Yelahanka New Town,350.0,1.0,13.5,1,3857.1428571428573
Varthur,1665.0,3.0,53.0,3,3183.1831831831832
Ramamurthy Nagar,1400.0,3.0,200.0,3,14285.714285714286
Sarjapur  Road,835.0,1.0,46.95,1,5622.754491017964
Chandra Layout,815.0,3.0,160.0,2,19631.9018404908
Haralur Road,1444.0,2.0,80.0,3,5540.16620498615
Kanakapura,1277.0,2.0,55.0,2,4306.969459671104
Lingadheeranahalli,1521.0,3.0,94.71,3,6226.824457593689
Maithri Layout,1134.0,2.0,40.0,2,3527.336860670194
Vasanthapura,995.0,2.0,34.82,2,3499.497487437186
Old Madras Road,2760.0,5.0,157.0,3,5688.405797101449
Marathahalli,1325.0,1.0,92.0,2,6943.396226415094
Kothanur,4000.0,6.0,150.0,6,3750.0
Marathahalli,1525.0,3.0,90.0,3,5901.639344262295
Raja Rajeshwari Nagar 5th Stage,1320.0,2.0,73.0,3,5530.30303030303
Electronics City Phase 1,650.0,1.0,23.0,1,3538.4615384615386
Old Airport Road,1858.0,2.0,167.0,3,8988.15931108719
Electronic City,1150.0,2.0,38.0,2,3304.3478260869565
Electronic City Phase II,769.0,2.0,40.0,2,5201.560468140442
Electronic City,1571.0,3.0,105.0,3,6683.64099299809
Hennur Road,1445.0,3.0,86.56,3,5990.311418685121
Hosur Road,1590.0,2.0,135.0,3,8490.566037735849
Bommasandra,902.0,2.0,49.0,2,5432.372505543237
Sarjapur,2238.0,3.0,140.0,3,6255.585344057194
Electronic City,1090.0,2.0,31.49,2,2888.9908256880735
Yelahanka,1712.0,3.0,82.0,3,4789.719626168225
Haralur Road,1088.0,2.0,68.0,2,6250.0
Somasundara Palya,1575.0,3.0,63.1,3,4006.3492063492063
Nanjappa Garden,2150.0,6.0,205.0,6,9534.883720930233
Kundalahalli,1920.0,3.0,150.0,3,7812.5
Margondanahalli,1000.0,2.0,57.0,2,5700.0
Chennammana Kere,1100.0,2.0,56.1,2,5100.0
Electronic City,1089.0,2.0,45.0,2,4132.231404958678
Horamavu Agara,1106.0,2.0,43.09,2,3896.021699819168
Kengeri,927.0,2.0,37.0,2,3991.3700107874865
Kanakpura Road,1339.0,2.0,58.0,2,4331.59073935773
Thanisandra,923.0,1.0,45.69,1,4950.162513542795
Sarjapur  Road,2900.0,3.0,285.0,3,9827.586206896553
Lakshminarayana Pura,1175.0,2.0,75.0,2,6382.978723404255
Thubarahalli,975.0,2.0,55.0,2,5641.025641025641
Hebbal,2400.0,4.0,180.0,3,7500.0
Subramanyapura,1330.0,3.0,72.0,3,5413.533834586467
Thanisandra,1183.0,2.0,59.74,2,5049.873203719358
Harlur,1758.0,3.0,133.0,3,7565.415244596132
Nagarbhavi,1200.0,3.0,265.0,3,22083.333333333332
Hebbal,1255.0,2.0,77.68,3,6189.641434262949
Nagadevanahalli,600.0,4.0,110.0,3,18333.333333333332
Pai Layout,1100.0,2.0,50.0,2,4545.454545454545
Ramamurthy Nagar,1170.0,2.0,46.8,2,4000.0
Vayunandana Layout,2400.0,5.0,120.0,5,5000.0
Raja Rajeshwari Nagar,1530.0,3.0,51.77,3,3383.6601307189544
Hebbal,1420.0,2.0,107.0,2,7535.211267605634
Geetanjali Layout,1200.0,4.0,300.0,4,25000.0
7th Phase JP Nagar,1045.0,6.0,160.0,6,15311.004784688996
Kanakpura Road,1591.0,3.0,115.0,3,7228.158390949088
7th Phase JP Nagar,1680.0,3.0,120.0,3,7142.857142857143
Kenchenhalli,675.0,3.0,52.0,2,7703.7037037037035
Hoodi,1055.0,2.0,57.63,2,5462.559241706161
Iblur Village,1918.0,3.0,129.0,3,6725.7559958289885
Sarjapur  Road,1280.0,2.0,76.0,2,5937.5
Nagarbhavi,1560.0,3.0,66.0,3,4230.7692307692305
Sarjapur  Road,1145.0,2.0,49.5,2,4323.144104803493
Talaghattapura,2106.0,3.0,126.0,3,5982.9059829059825
"EPIP AREA, WHITEFIELD",1801.0,3.0,139.0,3,7717.9344808439755
Seegehalli,1200.0,5.0,120.0,5,10000.0
Rajaji Nagar,1718.0,3.0,288.0,2,16763.678696158324
Whitefield,1306.0,3.0,54.65,3,4184.532924961715
Hebbal,1320.0,2.0,92.0,2,6969.69696969697
1st Stage Domlur,1350.0,2.0,65.0,3,4814.814814814815
"RMV extension stage 2, rmv extension",2990.0,4.0,324.0,4,10836.120401337792
Kalyan nagar,3800.0,5.0,300.0,4,7894.736842105263
Bannerghatta Road,1344.0,2.0,42.0,3,3125.0
Bannerghatta Road,1893.0,3.0,100.0,3,5282.620179609086
Chandapura,1107.0,2.0,43.0,3,3884.3721770551037
R.T. Nagar,1200.0,10.0,180.0,9,15000.0
Lakshminarayana Pura,1190.0,2.0,75.0,2,6302.5210084033615
Whitefield,1000.0,2.0,35.0,2,3500.0
Kalhalli,2400.0,2.0,160.0,2,6666.666666666667
Kumaraswami Layout,1000.0,2.0,48.5,2,4850.0
Jalahalli,2113.0,3.0,155.0,3,7335.541883577851
KR Puram,1100.0,2.0,46.0,2,4181.818181818182
Sector 2 HSR Layout,1200.0,4.0,160.0,5,13333.333333333334
Harlur,1884.0,4.0,120.0,4,6369.426751592357
Electronic City,1110.0,2.0,40.0,2,3603.6036036036035
Kudlu,1027.0,2.0,43.0,2,4186.952288218111
Tavarekere,1250.0,3.0,40.0,3,3200.0
Sarjapur  Road,1470.0,3.0,62.0,3,4217.687074829932
Kamakshipalya,1150.0,2.0,75.0,2,6521.739130434783
Hadosiddapura,1200.0,3.0,165.0,3,13750.0
Kudlu Gate,703.0,1.0,52.0,1,7396.870554765292
Vijaya Bank Colony,1400.0,2.0,62.0,3,4428.571428571428
Bellandur,1195.0,2.0,51.0,2,4267.782426778243
Narayanapura,1302.0,2.0,69.1,2,5307.219662058371
Begur Road,1583.0,3.0,74.4,3,4699.936828806065
Kumarapalli,1488.0,2.0,60.0,3,4032.2580645161293
Lakshmi Layout,600.0,5.0,85.0,4,14166.666666666666
Kammasandra,1385.0,2.0,34.63,3,2500.361010830325
Whitefield,3262.0,4.0,260.0,4,7970.570202329859
Electronic City,1600.0,3.0,104.0,3,6500.0
Old Airport Road,1150.0,2.0,90.0,2,7826.086956521739
Lakkasandra,4500.0,9.0,166.0,9,3688.8888888888887
Sarjapur  Road,1263.0,2.0,78.0,2,6175.771971496437
KR Puram,1200.0,8.0,110.0,7,9166.666666666666
Kanakpura Road,1299.0,2.0,85.0,2,6543.4949961508855
Banashankari,1330.0,2.0,78.0,2,5864.661654135339
Devanahalli,1282.0,2.0,52.43,3,4089.703588143526
"JP Nagar 8th Phase, ",1853.0,3.0,82.0,3,4425.256341068538
Kachanayakanahalli,861.0,2.0,35.0,2,4065.040650406504
Bannerghatta Road,1600.0,3.0,95.0,3,5937.5
Nagaraja Garden,1256.0,2.0,62.8,2,5000.0
Tejaswini Nagar,1390.0,2.0,80.0,3,5755.395683453237
Ashwath Nagar,1550.0,2.0,90.0,3,5806.451612903225
1 Annasandrapalya,1200.0,6.0,150.0,11,12500.0
Hebbal,919.0,2.0,49.0,2,5331.882480957563
Margondanahalli,1625.0,3.0,80.0,3,4923.076923076923
Gunjur,1195.0,2.0,44.0,2,3682.0083682008367
Domlur,2400.0,4.0,600.0,6,25000.0
Yelenahalli,1159.0,2.0,60.0,2,5176.8766177739435
Whitefield,1386.0,3.0,57.46,3,4145.743145743146
Harlur,1197.0,2.0,79.0,2,6599.832915622389
Old Airport Road,2690.0,4.0,191.0,4,7100.371747211896
Bommasandra,1295.0,2.0,50.28,3,3882.6254826254826
Huskur,1310.0,2.0,37.83,3,2887.7862595419847
Whitefield,1132.0,2.0,79.28,2,7003.533568904593
6th block Koramangala,2350.0,3.0,400.0,3,17021.27659574468
4th Block Koramangala,2400.0,4.0,500.0,4,20833.333333333332
Hebbal,1645.0,3.0,135.0,3,8206.686930091186
Whitefield,1200.0,2.0,45.84,2,3820.0
Whitefield,3000.0,4.0,330.0,4,11000.0
Marathahalli,1937.0,3.0,140.0,3,7227.671657201859
Doddathoguru,1015.0,2.0,33.5,2,3300.4926108374384
Nagadevanahalli,1080.0,2.0,39.0,2,3611.1111111111113
Kathriguppe,1350.0,2.0,80.99,3,5999.259259259258
Kengeri Satellite Town,1149.0,2.0,29.0,3,2523.933855526545
Kothanur,1185.0,2.0,59.0,2,4978.9029535864975
Domlur,1720.0,3.0,135.0,3,7848.837209302325
Hebbal,2080.0,3.0,175.0,3,8413.461538461539
Tindlu,1500.0,3.0,87.0,3,5800.0
Yelahanka,1566.0,3.0,97.0,3,6194.125159642401
Rajaji Nagar,2386.0,3.0,334.0,3,13998.323554065382
KSRTC Layout,1500.0,4.0,110.0,4,7333.333333333333
KR Puram,1290.0,2.0,49.02,2,3800.0
"JP nagar 9th Phase, ",1531.0,3.0,72.0,3,4702.808621815807
Keshava Nagar,1839.0,3.0,165.0,3,8972.26753670473
Dollars Layout,4200.0,4.0,760.0,4,18095.238095238095
Electronic City Phase II,1400.0,2.0,40.43,3,2887.8571428571427
Electronic City,550.0,1.0,15.0,2,2727.2727272727275
Whitefield,1140.0,2.0,39.0,2,3421.0526315789475
Tumkur Road,1343.5,3.0,57.76,3,4299.218459248233
Banashankari Stage III,2000.0,4.0,100.0,4,5000.0
Kaval Byrasandra,1100.0,2.0,46.0,2,4181.818181818182
Vignana Nagar,1200.0,2.0,55.0,2,4583.333333333333
Bannerghatta,1618.0,3.0,68.0,3,4202.719406674907
Whitefield,2830.0,5.0,160.0,4,5653.7102473498235
Uttarahalli,1315.0,2.0,74.0,3,5627.376425855513
Anandapura,1141.0,2.0,42.75,2,3746.7134092900965
AECS Layout,1080.0,2.0,55.0,2,5092.592592592592
HBR Layout,1200.0,2.0,60.0,2,5000.0
Varthur,1111.0,2.0,41.88,2,3769.57695769577
NGR Layout,1022.0,2.0,45.9,2,4491.19373776908
Bannerghatta Road,1275.0,2.0,65.0,2,5098.0392156862745
4th Block Jayanagar,900.0,2.0,70.0,2,7777.777777777777
Rachenahalli,1224.0,2.0,39.2,2,3202.614379084968
Battarahalli,1135.0,2.0,43.0,2,3788.546255506608
Rachenahalli,1050.0,2.0,52.1,2,4961.9047619047615
Kudlu Gate,1535.0,3.0,86.0,3,5602.605863192182
Nagavarapalya,1392.0,2.0,130.0,2,9339.080459770115
Bellandur,1050.0,2.0,72.0,2,6857.142857142857
Hosa Road,1513.0,3.0,103.0,3,6807.666886979511
Gottigere,1621.0,3.0,72.0,3,4441.702652683529
Bannerghatta Road,892.0,2.0,39.0,2,4372.197309417041
Whitefield,1205.0,2.0,40.0,2,3319.5020746887967
Hebbal,1355.0,3.0,83.87,3,6189.667896678967
2nd Block Hrbr Layout,1250.0,5.0,300.0,5,24000.0
Kuvempu Nagar,1650.0,9.0,345.0,7,20909.090909090908
Karnataka Shabarimala,1200.0,6.0,70.0,4,5833.333333333333
Indira Nagar,1400.0,2.0,168.0,2,12000.0
Kengeri,726.0,2.0,35.0,2,4820.936639118458
Singena Agrahara,1500.0,3.0,149.0,3,9933.333333333334
Hebbal,3895.0,4.0,405.0,4,10397.946084724004
Horamavu Agara,1079.0,2.0,41.0,2,3799.8146431881373
Begur Road,1170.0,2.0,46.0,2,3931.6239316239316
Doddathoguru,1104.0,2.0,39.0,2,3532.608695652174
Kanakpura Road,950.0,2.0,45.0,2,4736.8421052631575
Hormavu,4818.0,4.0,390.0,4,8094.64508094645
Canara Bank Colony,1650.0,2.0,52.0,3,3151.5151515151515
Kogilu,1559.0,3.0,127.0,3,8146.247594611931
Hanumagiri,1100.0,2.0,38.0,2,3454.5454545454545
Benson Town,1750.0,3.0,150.0,3,8571.42857142857
Ramagondanahalli,1215.0,2.0,45.5,2,3744.855967078189
Talaghattapura,1868.0,3.0,135.0,3,7226.980728051391
Electronic City,1130.0,2.0,32.63,2,2887.610619469027
Kanakpura Road,1570.0,3.0,64.5,3,4108.28025477707
Sarjapur  Road,1691.0,3.0,98.0,3,5795.38734476641
Ardendale,4355.0,3.0,350.0,5,8036.739380022962
Hulimavu,1225.0,2.0,55.0,2,4489.7959183673465
JP Nagar,1690.0,3.0,112.0,3,6627.218934911242
Thigalarapalya,1418.0,2.0,103.0,2,7263.7517630465445
Kasturi Nagar,1896.0,3.0,125.0,4,6592.827004219409
Sonnenahalli,605.0,1.0,40.0,1,6611.570247933884
Begur Road,800.0,5.0,95.0,5,11875.0
Electronic City Phase II,900.0,2.0,32.5,2,3611.1111111111113
Cholanayakanahalli,750.0,2.0,50.0,1,6666.666666666667
Hoodi,780.0,3.0,62.0,3,7948.717948717948
Ananth Nagar,908.0,2.0,26.0,2,2863.4361233480176
Sarjapur  Road,3416.5,6.0,143.0,4,4185.570027806234
Thanisandra,3216.0,4.0,226.0,4,7027.363184079602
BEML Layout,2400.0,4.0,225.0,5,9375.0
Iblur Village,1400.0,2.0,68.0,2,4857.142857142857
Kudlu,1092.0,2.0,44.0,2,4029.3040293040294
Hulimavu,1255.0,2.0,74.0,2,5896.414342629482
Electronic City,1500.0,2.0,100.0,3,6666.666666666667
Thanisandra,1296.0,2.0,72.0,2,5555.555555555556
Horamavu Banaswadi,925.0,2.0,38.0,2,4108.108108108108
Raja Rajeshwari Nagar,1023.0,2.0,42.0,2,4105.571847507332
Seshadripuram,600.0,3.0,75.0,2,12500.0
Thanisandra,1020.0,2.0,44.5,2,4362.745098039216
Choodasandra,1530.0,3.0,77.0,3,5032.679738562091
Gubbalala,1650.0,3.0,71.0,3,4303.030303030303
Vijaya Bank Layout,1605.0,2.0,85.0,3,5295.95015576324
Hosakerehalli,1925.0,2.0,50.0,2,2597.4025974025976
Kogilu,1190.0,2.0,50.66,2,4257.142857142857
Jakkur,1374.0,3.0,68.0,3,4949.0538573508
6th Phase JP Nagar,1140.0,2.0,65.0,2,5701.754385964912
Green Glen Layout,1725.0,3.0,130.0,3,7536.231884057971
Bisuvanahalli,1075.0,2.0,50.0,3,4651.162790697675
Kannamangala,1574.0,3.0,93.34,3,5930.114358322745
Sanjay nagar,965.0,1.0,32.0,1,3316.062176165803
Marathahalli,1550.0,3.0,83.0,3,5354.8387096774195
Akshayanagara West,1205.0,2.0,60.0,2,4979.253112033195
Kambipura,1082.0,2.0,55.0,3,5083.179297597043
Uttarahalli,1215.0,2.0,52.85,3,4349.794238683127
Hebbal,2483.0,5.0,230.0,4,9262.988320579943
Prasanth Extension,1200.0,3.0,46.14,2,3845.0
Chikkathoguru,1500.0,1.0,19.5,1,1300.0
1st Block Koramangala,2360.0,4.0,600.0,4,25423.728813559323
Ardendale,3198.0,4.0,250.0,4,7817.385866166354
Kanakpura Road,1452.0,3.0,60.98,3,4199.724517906336
Electronic City Phase II,1329.0,2.0,41.0,3,3085.0263355906695
Doctors Layout,1125.0,2.0,44.0,2,3911.1111111111113
Anand nagar,1200.0,2.0,70.0,2,5833.333333333333
Sarjapur  Road,1350.0,3.0,39.97,3,2960.740740740741
Uttarahalli,1312.5,3.0,51.19,3,3900.190476190476
Hebbal,2600.0,3.0,195.0,3,7500.0
West of Chord Road,1200.0,2.0,160.0,2,13333.333333333334
Electronic City Phase II,1220.0,3.0,35.23,3,2887.7049180327863
Pai Layout,1255.0,2.0,80.0,2,6374.501992031873
Keshava Nagar,1904.0,3.0,155.0,3,8140.756302521008
Somasundara Palya,1329.0,2.0,70.0,2,5267.11813393529
Chandapura,1200.0,2.0,60.0,2,5000.0
Murugeshpalya,2135.0,3.0,160.0,3,7494.145199063232
Ramakrishnappa Layout,2770.0,4.0,315.0,3,11371.841155234657
"Hoodi Circle, ",813.0,1.0,39.0,1,4797.047970479704
Junnasandra,3884.0,4.0,240.0,4,6179.196704428425
Doddaballapur,3876.0,3.0,300.0,3,7739.938080495356
Kalena Agrahara,800.0,2.0,30.0,2,3750.0
Handenahalli,4750.0,2.0,120.0,4,2526.315789473684
Hormavu,1500.0,3.0,70.0,3,4666.666666666667
Bannerghatta Road,1880.0,3.0,95.0,3,5053.191489361702
Electronic City,1440.0,2.0,55.0,3,3819.4444444444443
Akshaya Nagar,1575.0,3.0,90.0,3,5714.285714285715
Banagiri Nagar,1630.0,2.0,97.78,3,5998.773006134969
Yelahanka,1180.0,3.0,55.0,3,4661.016949152542
Nagadevanahalli,1090.0,2.0,36.0,2,3302.7522935779816
NGR Layout,1020.0,2.0,48.45,2,4750.0
"Sarjapur Road, ",2425.0,4.0,173.0,4,7134.020618556701
Varthur,1097.0,2.0,33.82,2,3082.9535095715587
Raja Rajeshwari Nagar,1070.0,2.0,50.0,2,4672.897196261682
Kumaraswami Layout,1000.0,2.0,58.0,2,5800.0
Hoodi,1120.0,8.0,150.0,8,13392.857142857143
manyata tech park,1150.0,2.0,56.0,2,4869.565217391304
Frazer Town,1900.0,4.0,145.0,3,7631.578947368421
Divya Unnathi Layout,1141.0,2.0,49.0,2,4294.478527607362
Jigani,937.0,2.0,44.0,2,4695.837780149413
Green Glen Layout,1075.0,2.0,60.0,2,5581.395348837209
Panathur,1000.0,2.0,65.3,2,6530.0
Kasavanhalli,1450.0,3.0,77.41,3,5338.620689655172
Yelachenahalli,897.0,2.0,85.0,5,9476.03121516165
Ashwathnagar,936.0,2.0,43.0,2,4594.017094017094
Gopalkrishna Nagar,1280.0,2.0,75.0,2,5859.375
Babusapalaya,1050.0,2.0,45.0,2,4285.714285714285
Marathahalli,1350.0,2.0,86.0,2,6370.37037037037
Mallasandra,1325.0,2.0,70.0,2,5283.018867924528
Devanahalli,1174.0,2.0,59.0,2,5025.553662691653
Hosur Road,1890.0,3.0,162.0,3,8571.42857142857
Wilson Garden,735.0,1.0,75.0,1,10204.081632653062
Sarvabhouma Nagar,500.0,1.0,24.0,1,4800.0
Gottigere,1304.0,3.0,80.0,3,6134.9693251533745
Yelahanka,1653.0,3.0,120.0,3,7259.528130671506
Bisuvanahalli,1075.0,2.0,52.0,3,4837.209302325581
7th Phase JP Nagar,1212.0,3.0,42.0,2,3465.3465346534654
Hoysalanagar,1100.0,2.0,50.0,2,4545.454545454545
Rajaji Nagar,3436.0,6.0,500.0,4,14551.804423748545
SMV layout,1200.0,4.0,145.0,3,12083.333333333334
Billekahalli,1140.0,2.0,50.0,2,4385.964912280701
Roopena Agrahara,1200.0,2.0,100.0,2,8333.333333333334
Kudlu Gate,1532.0,3.0,83.0,3,5417.754569190601
Doddaballapur,2776.0,4.0,195.0,3,7024.495677233429
Padmanabhanagar,1531.0,2.0,75.0,3,4898.758981058132
Poorna Pragna Layout,1270.0,2.0,50.79,3,3999.212598425197
Uttarahalli,1325.0,2.0,53.0,2,4000.0
CQAL LAYOUT C BLOCK,1200.0,3.0,160.0,3,13333.333333333334
Electronic City,1156.0,2.0,44.0,3,3806.2283737024222
R.T. Nagar,2000.0,4.0,320.0,4,16000.0
Bannerghatta Road,1260.0,2.0,70.0,2,5555.555555555556
Vittasandra,1934.0,2.0,90.0,2,4653.567735263702
Malleshpalya,1060.0,2.0,40.0,2,3773.5849056603774
Kasavanhalli,1476.0,3.0,95.0,3,6436.314363143631
Murugeshpalya,1185.0,2.0,85.0,2,7172.995780590717
Channasandra Layout,1265.0,2.0,82.0,3,6482.213438735178
"Near Electronic City, ",3200.0,5.0,150.0,4,4687.5
Virat Nagar,1196.0,2.0,56.81,2,4750.0
EPIP Zone,1280.0,2.0,69.0,2,5390.625
Marathahalli,800.0,4.0,86.0,4,10750.0
Hulimavu,1175.0,2.0,45.0,2,3829.7872340425533
Kacharakanahalli,1850.0,3.0,98.0,3,5297.2972972972975
Indira Nagar,2400.0,4.0,525.0,4,21875.0
Whitefield,1195.0,2.0,70.0,2,5857.740585774059
Ulsoor,2000.0,3.0,185.0,3,9250.0
Veerannapalya,600.0,4.0,100.0,7,16666.666666666668
Hebbal Kempapura,800.0,5.0,155.0,4,19375.0
Hosur Road,1180.0,2.0,36.5,2,3093.2203389830506
Jakkur,1050.0,2.0,49.87,2,4749.523809523809
Electronic City,1400.0,2.0,40.44,3,2888.5714285714284
Bagalakunte,2360.0,4.0,150.0,4,6355.932203389831
Banashankari stage 2,1030.0,2.0,77.25,2,7500.0
Doddanakundi Industrial Area 2,1512.0,1.0,65.01,2,4299.603174603175
Subramanyapura,929.0,2.0,48.0,2,5166.846071044133
Jigani,1252.0,3.0,61.0,3,4872.20447284345
Green Glen Layout,1485.0,3.0,115.0,3,7744.107744107744
Electronics City Phase 1,1124.0,2.0,55.0,3,4893.238434163701
TC Palaya,2400.0,6.0,370.0,6,15416.666666666666
Indira Nagar,1407.0,3.0,120.0,3,8528.784648187633
Hennur Road,1482.0,2.0,97.0,3,6545.209176788124
Sector 7 HSR Layout,1163.0,2.0,98.86,2,8500.42992261393
Jalahalli,1570.0,3.0,140.0,3,8917.197452229299
Whitefield,3480.0,4.0,284.0,3,8160.919540229885
Chandapura,520.0,1.0,14.04,1,2700.0
OLd Gurappanapalya,2000.0,3.0,160.0,3,8000.0
Prithvi Layout,1352.0,2.0,75.0,2,5547.337278106509
Electronic City,1152.0,2.0,65.0,2,5642.361111111111
"ECC Road, Whitefield, ",1575.0,3.0,93.0,3,5904.761904761905
Hegde Nagar,1965.0,4.0,125.0,3,6361.323155216285
Ramanjaneyanagar,1300.0,2.0,70.0,3,5384.615384615385
Sarjapur  Road,1.0,4.0,120.0,4,12000000.0
Marathahalli,957.0,2.0,47.0,2,4911.180773249739
Hoskote,1740.0,3.0,60.0,3,3448.2758620689656
Kanakpura Road,1080.0,6.0,65.0,5,6018.518518518518
Neeladri Nagar,1060.0,2.0,35.0,2,3301.8867924528304
Chikkadunnasandra,975.0,2.0,50.0,2,5128.205128205128
Ramamurthy Nagar,1150.0,2.0,51.0,2,4434.782608695652
Whitefield,1738.0,2.0,79.0,3,4545.454545454545
Bommanahalli,1250.0,3.0,55.0,3,4400.0
Bannerghatta Road,1788.0,3.0,90.0,3,5033.557046979866
Kanakapura,1151.0,2.0,59.0,2,5125.977410947003
Uttarahalli,1300.0,2.0,60.0,3,4615.384615384615
Garudachar Palya,1150.0,2.0,52.8,2,4591.304347826087
Akshya Nagar,1380.0,2.0,75.0,2,5434.782608695652
Hebbal,1645.0,3.0,117.0,3,7112.462006079028
Babusapalaya,1141.0,2.0,45.9,2,4022.787028921998
7th Phase JP Nagar,1175.0,2.0,82.5,2,7021.276595744681
Banashankari Stage V,1355.0,2.0,61.0,3,4501.845018450184
Dasarahalli,1150.0,2.0,70.0,2,6086.95652173913
Indranagar  100ft road defence colony,5800.0,5.0,80.0,5,1379.3103448275863
Canara Bank Colony,1000.0,2.0,45.0,2,4500.0
Balagere,1007.0,2.0,65.0,2,6454.816285998014
Wajid layout thanisandra,3000.0,5.0,100.0,4,3333.3333333333335
Kothanur,1436.0,3.0,70.0,3,4874.651810584958
Marathahalli,4000.0,4.0,220.0,4,5500.0
Somasundara Palya,2372.0,3.0,140.0,3,5902.192242833053
R.T. Nagar,1500.0,6.0,240.0,6,16000.0
Rajaji Nagar,1200.0,2.0,150.0,2,12500.0
Rayasandra,1016.0,2.0,58.0,2,5708.6614173228345
Dodda Nekkundi,1100.0,2.0,48.0,2,4363.636363636364
B Channasandra,1080.0,2.0,45.0,2,4166.666666666667
Electronic City,1070.0,2.0,60.0,2,5607.476635514019
Kadubeesanahalli,1532.0,3.0,115.0,3,7506.527415143603
Hennur,1040.0,2.0,42.12,2,4050.0
Laxmi Sagar Layout,3100.0,3.0,250.0,3,8064.5161290322585
Tumkur Road,1137.5,2.0,48.905,2,4299.340659340659
Thanisandra,1430.0,2.0,51.6,3,3608.3916083916083
Rajaji Nagar,1160.0,1.0,163.0,2,14051.724137931034
ITPL,3262.0,5.0,205.0,4,6284.488044144697
Achins Road,2100.0,7.0,410.0,7,19523.809523809523
Uvce Layout,1190.0,2.0,100.0,2,8403.361344537816
Panduranga Nagar,1827.0,3.0,100.0,3,5473.453749315819
HRBR Layout,1210.0,2.0,75.0,2,6198.347107438017
New Thippasandra,1500.0,3.0,95.0,3,6333.333333333333
Rachenahalli,1050.0,2.0,53.5,2,5095.238095238095
Hebbal,1251.0,2.0,88.73,2,7092.725819344524
HSR Layout,1600.0,2.0,115.0,3,7187.5
Electronic City,1128.0,2.0,65.5,2,5806.737588652482
Budigere,1820.0,3.0,93.0,3,5109.89010989011
Thigalarapalya,2072.0,4.0,159.0,3,7673.745173745174
Raja Rajeshwari Nagar,1510.0,2.0,59.0,3,3907.2847682119204
Hoodi,1925.0,2.0,114.0,3,5922.077922077922
Hennur Road,2651.0,2.0,225.0,3,8487.36325914749
Thigalarapalya,2072.0,4.0,147.0,3,7094.594594594595
Kumaraswami Layout,1000.0,2.0,36.0,2,3600.0
KR Puram,1752.0,3.0,145.0,3,8276.255707762557
Sahakara Nagar,960.0,2.0,56.0,2,5833.333333333333
Gattigere,1180.0,2.0,63.0,2,5338.983050847458
Benson Town,2270.0,3.0,180.0,3,7929.515418502203
NRI Layout,650.0,2.0,59.0,2,9076.923076923076
Lakshminarayana Pura,1200.0,2.0,75.0,2,6250.0
Bisuvanahalli,1180.0,2.0,46.0,3,3898.3050847457625
Roopena Agrahara,1300.0,3.0,47.0,3,3615.3846153846152
Bannerghatta Road,1157.0,2.0,40.0,2,3457.216940363008
Kanakpura Road,1300.0,3.0,69.0,3,5307.692307692308
Banashankari Stage III,1305.0,2.0,59.0,3,4521.072796934866
Hegde Nagar,2006.0,4.0,196.0,3,9770.687936191425
Jakkur,1290.0,2.0,80.0,2,6201.550387596899
Hoskote,1170.0,2.0,45.0,2,3846.153846153846
Cottonpet,971.0,2.0,135.0,4,13903.192584963954
Yelachenahalli,1400.0,2.0,78.0,2,5571.428571428572
Lakshminarayana Pura,1200.0,2.0,75.0,2,6250.0
Kamakshipalya,1155.0,2.0,60.0,3,5194.805194805195
Hormavu,1725.0,3.0,85.0,3,4927.536231884058
Kanakpura Road,700.0,2.0,40.0,2,5714.285714285715
Yemlur,7000.0,5.0,2050.0,4,29285.714285714286
Hoodi,1112.0,2.0,88.0,2,7913.669064748202
Somasundara Palya,1178.0,2.0,78.0,2,6621.392190152801
Badavala Nagar,1274.0,2.0,81.0,2,6357.9277864992155
Doddathoguru,915.0,2.0,32.0,2,3497.2677595628415
6th Phase JP Nagar,1650.0,6.0,135.0,8,8181.818181818182
Hosur Road,760.0,1.0,21.28,1,2800.0
Maragondanahalli,1540.0,3.0,68.0,3,4415.584415584415
P&T Layout,1206.0,2.0,38.5,2,3192.3714759535656
Basavanna Nagar,1645.0,3.0,95.0,3,5775.075987841945
Canara Bank Layout,1200.0,4.0,170.0,4,14166.666666666666
singapura paradise,1200.0,4.0,140.0,4,11666.666666666666
Nehru Nagar,2342.0,3.0,115.0,4,4910.333048676345
Kannur,1200.0,2.0,55.0,3,4583.333333333333
Yelenahalli,1056.0,2.0,33.0,2,3125.0
Raja Rajeshwari Nagar,4800.0,8.0,225.0,8,4687.5
Kanakpura Road,1450.0,3.0,54.3,3,3744.8275862068967
Thirumenahalli,1161.0,2.0,36.69,2,3160.206718346253
Dollars Colony,1097.0,2.0,65.0,2,5925.2506836827715
Uttarahalli,850.0,2.0,35.0,2,4117.64705882353
Green Glen Layout,1715.0,3.0,115.0,3,6705.539358600583
Basavangudi,2300.0,3.0,317.0,3,13782.608695652174
Electronic City,1200.0,2.0,59.0,2,4916.666666666667
8th Phase JP Nagar,1080.0,2.0,38.0,2,3518.5185185185187
Kasavanhalli,1200.0,2.0,50.3,2,4191.666666666667
4th Block Koramangala,2400.0,4.0,550.0,4,22916.666666666668
Banashankari,1400.0,2.0,78.0,3,5571.428571428572
Whitefield,1500.0,4.0,200.0,4,13333.333333333334
Kanakpura Road,458.0,1.0,19.695,1,4300.218340611354
Marathahalli,1230.0,2.0,57.0,2,4634.1463414634145
Kalyan nagar,1640.0,3.0,88.0,3,5365.8536585365855
Banashankari,1700.0,3.0,125.0,3,7352.941176470588
Bommasandra,1478.0,2.0,44.0,3,2976.9959404600813
Defence Colony,6600.0,4.0,986.0,4,14939.39393939394
Banashankari,1020.0,2.0,40.79,2,3999.0196078431372
Nagarbhavi,1200.0,2.0,150.0,2,12500.0
Yelahanka,1275.0,2.0,95.0,3,7450.980392156863
Cambridge Layout,1600.0,3.0,165.0,4,10312.5
Kanakapura,1110.0,2.0,38.85,2,3500.0
Uttarahalli,1627.86,3.0,88.0,3,5405.87028368533
Byagadadhenahalli,620.0,2.0,22.0,2,3548.3870967741937
Whitefield,3004.0,4.0,285.0,4,9487.350199733688
Hosa Road,1133.0,2.0,52.0,2,4589.585172109444
Hennur Road,1182.0,2.0,82.5,2,6979.6954314720815
Tumkur Road,1500.0,3.0,100.0,3,6666.666666666667
Hebbal Kempapura,3900.0,5.0,360.0,4,9230.76923076923
Marathahalli,1200.0,2.0,58.0,2,4833.333333333333
Raja Rajeshwari Nagar,1128.0,2.0,48.79,2,4325.354609929078
Jayanagar,900.0,2.0,110.0,2,12222.222222222223
Amruthahalli,1100.0,2.0,45.0,2,4090.909090909091
Kengeri Satellite Town,635.0,1.0,22.0,2,3464.566929133858
Ardendale,2062.0,3.0,140.0,4,6789.524733268671
Thanisandra,1874.0,4.0,130.0,3,6937.033084311633
Vidyaranyapura,600.0,3.0,78.0,4,13000.0
Old Madras Road,1171.0,2.0,75.0,2,6404.782237403928
Sarjapur,2020.0,3.0,85.0,3,4207.920792079208
8th Phase JP Nagar,1059.0,2.0,34.5,2,3257.790368271955
Panathur,1315.0,2.0,59.1,3,4494.296577946768
Jakkur,1760.0,3.0,110.0,3,6250.0
Sampangi Rama Nagar,1200.0,2.0,125.0,2,10416.666666666666
Hennur Road,1192.0,2.0,62.0,3,5201.342281879195
Hebbal,1645.0,3.0,121.0,3,7355.623100303951
Whitefield,1250.0,2.0,72.0,2,5760.0
Whitefield,709.0,1.0,34.385,1,4849.788434414669
Whitefield,1340.0,2.0,77.0,2,5746.268656716418
Cooke Town,2388.0,4.0,239.0,3,10008.375209380234
Hosa Road,1369.1,2.0,104.0,2,7596.231100723103
Jalahalli West,1355.0,2.0,75.0,2,5535.055350553505
Bannerghatta Road,1150.0,2.0,65.0,2,5652.173913043478
Kanakapura,1938.0,3.0,113.0,3,5830.7533539731685
Begur Road,2462.0,4.0,124.0,4,5036.555645816409
Budigere,1636.0,3.0,85.0,3,5195.59902200489
Akshaya Nagar,1430.0,2.0,75.0,3,5244.755244755244
BEML Layout 5th stage,2000.0,3.0,85.0,3,4250.0
Electronic City Phase II,993.0,2.0,50.0,3,5035.246727089628
Laggere,1260.0,4.0,150.0,4,11904.761904761905
Kanakpura Road,1700.0,3.0,88.0,3,5176.470588235294
Yelahanka,1270.0,2.0,78.0,2,6141.7322834645665
Anjanapura,1500.0,3.0,121.0,3,8066.666666666667
Koramangala,2300.0,3.0,290.0,3,12608.695652173914
Hunasamaranahalli,7500.0,4.0,900.0,4,12000.0
Marathahalli,1650.0,3.0,86.45,3,5239.393939393939
Panathur,1109.0,2.0,63.0,2,5680.793507664563
Pragathi Nagar,1280.0,2.0,49.75,2,3886.71875
Sarjapur,2885.0,3.0,185.0,4,6412.478336221837
Banashankari,1200.0,9.0,145.0,9,12083.333333333334
Devanahalli,1600.0,3.0,180.0,3,11250.0
Kothanur,1462.0,3.0,71.0,3,4856.361149110807
Marathahalli,607.0,1.0,35.0,1,5766.062602965404
Kammasandra,930.0,2.0,25.0,2,2688.1720430107525
Varthur,4500.0,5.0,300.0,4,6666.666666666667
Sahakara Nagar,1200.0,5.0,160.0,5,13333.333333333334
Malleshwaram,2600.0,3.0,237.0,3,9115.384615384615
JP Nagar,3000.0,4.0,140.0,4,4666.666666666667
Electronic City Phase II,1418.0,3.0,52.47,3,3700.2820874471086
Ramesh Nagar,4200.0,1.0,160.0,2,3809.5238095238096
EPIP Zone,1125.0,2.0,65.0,2,5777.777777777777
CV Raman Nagar,1825.0,3.0,126.0,3,6904.109589041096
Whitefield,1320.0,2.0,79.5,2,6022.727272727273
JP Nagar,3000.0,4.0,140.0,4,4666.666666666667
HAL 2nd Stage,1490.0,2.0,300.0,3,20134.228187919463
8th block Koramangala,1650.0,3.0,300.0,4,18181.81818181818
Whitefield,750.0,2.0,52.7,2,7026.666666666667
Yelahanka,1400.0,2.0,80.54,3,5752.857142857143
Sathya Sai Layout,4104.0,4.0,360.0,4,8771.929824561403
Rajaji Nagar,5000.0,4.0,375.0,4,7500.0
Mahadevpura,3295.0,4.0,260.0,5,7890.743550834598
A Narayanapura,1150.0,3.0,110.0,4,9565.217391304348
Whitefield,1200.0,3.0,61.96,3,5163.333333333333
Poorna Pragna Layout,965.0,2.0,48.0,2,4974.093264248705
Gottigere,812.0,1.0,26.0,1,3201.9704433497536
KR Puram,1100.0,2.0,43.0,2,3909.090909090909
Whitefield,1180.0,2.0,41.0,2,3474.576271186441
HSR Layout,1145.0,2.0,48.0,2,4192.139737991266
Haralur Road,1027.0,2.0,44.0,2,4284.323271665044
Silk Board,1215.0,2.0,49.85,2,4102.880658436214
Hegde Nagar,1200.0,2.0,75.0,2,6250.0
Kenchenahalli,1015.0,2.0,58.0,2,5714.285714285715
Kaggalipura,2400.0,3.0,165.0,3,6875.0
Whitefield,3000.0,4.0,306.0,4,10200.0
7th Phase JP Nagar,3300.0,4.0,160.0,3,4848.484848484848
Puttanahalli,1076.0,2.0,52.0,2,4832.71375464684
JP Nagar,1300.0,2.0,109.0,2,8384.615384615385
Hebbal Kempapura,1300.0,2.0,102.0,2,7846.153846153846
Hosa Road,1512.0,3.0,123.0,3,8134.920634920635
Bhoganhalli,1053.4,3.0,88.91,3,8440.288589329788
Yeshwanthpur,605.0,1.0,41.745,1,6899.999999999999
Hormavu,1153.0,2.0,65.0,2,5637.467476149176
Virat Nagar,2080.0,2.0,150.0,2,7211.538461538462
Hulimavu,1255.0,2.0,69.0,2,5498.00796812749
Marathahalli,1583.0,3.0,109.0,3,6885.6601389766265
Kundalahalli Colony,1505.0,2.0,90.0,2,5980.066445182724
Kathriguppe,1365.0,2.0,75.08,3,5500.3663003663005
Dwarka Nagar,1200.0,3.0,95.75,3,7979.166666666667
Amblipura,1810.0,4.0,148.0,3,8176.795580110497
Magadi Road,440.0,1.0,35.0,1,7954.545454545455
Subramanyapura,975.0,2.0,63.0,2,6461.538461538462
Doddagubbi,1250.0,2.0,39.0,2,3120.0
Gopalkrishna Nagar,1530.0,2.0,97.0,3,6339.869281045751
Kereguddadahalli,1300.0,2.0,39.0,3,3000.0
Channasandra,1115.0,2.0,40.0,2,3587.4439461883408
Sarjapur  Road,1308.0,2.0,83.0,2,6345.565749235474
Parappana Agrahara,1194.0,2.0,47.0,2,3936.348408710218
Uttarahalli,1490.0,2.0,59.6,3,4000.0
Bannerghatta Road,10000.0,4.0,450.0,4,4500.0
Sarjapur  Road,1592.0,3.0,91.0,3,5716.08040201005
Rajaji Nagar,1222.0,2.0,112.0,2,9165.302782324059
Raja Rajeshwari Nagar,1267.0,2.0,42.85,2,3382.004735595896
Balagere,656.0,1.0,53.0,1,8079.268292682927
Dodda Nekkundi,3400.0,4.0,530.0,4,15588.235294117647
Garudachar Palya,4500.0,5.0,400.0,4,8888.888888888889
Chandapura,1200.0,1.0,36.0,2,3000.0
Thanisandra,1698.0,3.0,102.0,3,6007.067137809187
Tata Nagar,1500.0,3.0,70.0,3,4666.666666666667
Sunkadakatte,2000.0,5.0,80.0,4,4000.0
Electronic City,1152.0,2.0,65.75,2,5707.465277777777
Raja Rajeshwari Nagar,550.0,1.0,21.0,1,3818.181818181818
Pattandur Agrahara,900.0,2.0,42.0,2,4666.666666666667
Rajarajeshwari nagar,1410.0,2.0,45.12,3,3200.0
Akshaya Nagar,1419.0,2.0,73.0,3,5144.46793516561
Amruthahalli,1200.0,2.0,55.0,2,4583.333333333333
AECS Layout,1800.0,3.0,65.0,3,3611.1111111111113
Gottigere,990.0,2.0,40.0,2,4040.40404040404
Sarjapur  Road,1016.0,2.0,45.0,2,4429.133858267716
Bannerghatta Road,1100.0,2.0,39.0,2,3545.4545454545455
Ramamurthy Nagar,850.0,2.0,65.0,4,7647.058823529412
Whitefield,1095.0,2.0,35.0,2,3196.3470319634703
Rajarajeshwarinagar,2000.0,3.0,85.0,3,4250.0
Budigere,1444.0,2.0,70.0,2,4847.645429362881
Whitefield,1415.0,2.0,67.0,2,4734.982332155477
Jinkethimmanahalli,1500.0,2.0,130.0,3,8666.666666666666
Daadys Gaarden Layout,1600.0,3.0,72.0,3,4500.0
Whitefield,1105.0,2.0,41.36,2,3742.9864253393666
Electronic City,1225.0,3.0,45.03,3,3675.918367346939
Frazer Town,2560.0,3.0,265.0,3,10351.5625
Kanakpura Road,1080.0,2.0,37.8,2,3499.9999999999995
Dasarahalli,2400.0,3.0,150.0,7,6250.0
Talaghattapura,1856.0,3.0,135.0,3,7273.706896551724
Haralur Road,1464.0,3.0,56.0,3,3825.136612021858
Vishwapriya Nagar,2100.0,6.0,71.0,6,3380.9523809523807
Sarjapur  Road,1150.0,2.0,77.0,2,6695.652173913043
Abbigere,1200.0,4.0,98.0,5,8166.666666666667
5th Phase JP Nagar,1485.0,2.0,67.0,3,4511.784511784512
Vimanapura,2500.0,3.0,75.0,3,3000.0
Whitefield,1200.0,2.0,45.0,2,3750.0
Hennur Road,1036.0,2.0,59.46,2,5739.382239382239
Whitefield,3445.0,5.0,270.0,4,7837.44557329463
Dodsworth Layout,1400.0,2.0,80.0,2,5714.285714285715
Bommanahalli,1110.0,2.0,33.0,2,2972.972972972973
Kodichikkanahalli,1150.0,2.0,48.0,2,4173.913043478261
Kenchenahalli,715.0,1.0,45.0,1,6293.706293706294
Magadi Road,1200.0,4.0,130.0,4,10833.333333333334
Rajaji Nagar,1200.0,3.0,260.0,5,21666.666666666668
Jakkur,2283.0,4.0,130.0,4,5694.261936049058
1st Stage Radha Krishna Layout,1790.0,5.0,250.0,6,13966.480446927375
Hormavu,1453.0,2.0,43.58,3,2999.3117687543013
Nagarbhavi,1400.0,2.0,85.0,3,6071.428571428572
Padmanabhanagar,1400.0,3.0,65.0,3,4642.857142857143
Whitefield,1700.0,3.0,140.0,3,8235.29411764706
Kanakpura Road,1591.0,3.0,120.0,3,7542.42614707731
Nagarbhavi,1515.0,2.0,79.0,3,5214.521452145214
Marathahalli,2500.0,3.0,200.0,5,8000.0
Chandapura,975.0,2.0,24.86,2,2549.74358974359
Yeshwanthpur,1382.0,2.0,76.18,3,5512.301013024603
Nagasandra,1750.0,5.0,350.0,7,20000.0
Sector 1 HSR Layout,1533.0,3.0,150.0,3,9784.735812133073
Cunningham Road,3815.0,3.0,763.0,3,20000.0
Amarjyothi Colony,1100.0,2.0,38.0,2,3454.5454545454545
Dairy Circle,3730.0,6.0,450.0,4,12064.343163538873
Banashankari Stage II,1500.0,2.0,120.0,3,8000.0
Yelahanka,1391.0,2.0,64.5,3,4636.951833213516
Begur Road,1160.0,2.0,42.92,2,3700.0
Chandapura,620.0,1.0,27.0,1,4354.8387096774195
MS Pallya,2400.0,9.0,350.0,8,14583.333333333334
Vidyaranyapura,1200.0,7.0,130.0,8,10833.333333333334
Whitefield,4827.0,4.0,400.0,4,8286.720530350114
Kanakpura Road,1482.0,3.0,60.98,3,4114.7098515519565
Whitefield,1405.0,2.0,84.5,2,6014.234875444839
Gunjur,1190.0,2.0,40.0,2,3361.344537815126
Harlur,1174.0,2.0,78.0,2,6643.9522998296425
Seegehalli,1155.0,2.0,72.0,2,6233.766233766234
Thanisandra,1411.0,3.0,93.04,3,6593.905031892275
Jalahalli West,745.0,2.0,50.0,2,6711.4093959731545
Kereguddadahalli,1000.0,2.0,30.0,2,3000.0
Jigani,923.0,2.0,50.0,2,5417.118093174431
Yeshwanthpur,1000.0,2.0,32.0,2,3200.0
Battarahalli,1276.0,2.0,45.0,2,3526.6457680250783
Devasthanagalu,1460.0,3.0,70.0,3,4794.520547945205
Yemlur,1355.0,2.0,95.0,2,7011.070110701107
Avalahalli,833.0,1.0,49.0,1,5882.35294117647
Bapuji Layout,1200.0,8.0,275.0,8,22916.666666666668
Cambridge Layout,1750.0,5.0,450.0,5,25714.285714285714
Ramamurthy Nagar,1200.0,2.0,48.0,2,4000.0
Yeshwanthpur,669.0,1.0,36.85,1,5508.221225710015
7th Phase JP Nagar,2200.0,4.0,105.0,3,4772.727272727273
Koramangala,1594.0,3.0,125.0,3,7841.907151819322
Kothanur,1790.0,3.0,105.0,3,5865.921787709497
NGR Layout,1020.0,2.0,45.0,2,4411.764705882353
Doddanekundi,3250.0,5.0,850.0,4,26153.846153846152
Vasantapura main road,1037.0,2.0,36.28,2,3498.553519768563
Whitefield,1345.0,2.0,57.0,3,4237.918215613383
Kodichikkanahalli,1070.0,2.0,43.0,2,4018.691588785047
Sector 6 HSR Layout,3000.0,5.0,270.0,4,9000.0
Yeshwanthpur,1385.0,2.0,76.18,3,5500.3610108303255
Kanakpura Road,1207.0,2.0,79.9,2,6619.718309859156
Varthur,1140.0,2.0,55.5,2,4868.421052631579
Basavanapura,1220.0,2.0,68.0,2,5573.770491803279
CQAL Layout,3811.0,3.0,475.0,4,12463.920230910522
Iblur Village,3596.0,5.0,252.0,4,7007.786429365962
Sarjapur  Road,1965.0,3.0,120.0,3,6106.8702290076335
Koramangala,1760.0,2.0,115.0,3,6534.090909090909
Haralur Road,1225.0,2.0,70.0,2,5714.285714285715
Marathahalli,1075.0,2.0,52.43,2,4877.209302325581
Panathur,1000.0,2.0,68.0,2,6800.0
Hennur Road,1891.0,3.0,109.0,3,5764.1459545214175
Yelahanka,1322.0,2.0,86.0,2,6505.295007564297
Mathikere,1095.0,3.0,215.0,3,19634.703196347033
Bellandur,3600.0,4.0,260.0,4,7222.222222222223
AECS Layout,1045.0,2.0,36.58,2,3500.4784688995214
Venugopal Reddy Layout,1545.0,3.0,85.0,3,5501.6181229773465
Thanisandra,1996.0,3.0,135.0,3,6763.527054108216
Brookefield,1125.0,2.0,70.0,2,6222.222222222223
Mysore Road,1560.0,3.0,115.0,3,7371.794871794872
BEML Layout,2000.0,2.0,85.0,3,4250.0
Murugeshpalya,3100.0,4.0,310.0,4,10000.0
Lake City,780.0,2.0,35.0,2,4487.179487179487
Lakshmipura,1350.0,2.0,110.0,2,8148.148148148148
Sarjapur  Road,2275.0,4.0,180.0,3,7912.087912087912
Pragathi Nagar,1350.0,2.0,41.0,2,3037.037037037037
Haralur Road,1464.0,3.0,56.0,3,3825.136612021858
Kanakpura Road,1570.0,3.0,64.5,3,4108.28025477707
Dasanapura,708.0,1.0,28.32,1,4000.0
Sarjapur  Road,1680.0,3.0,160.0,3,9523.809523809523
Hoodi,1400.0,2.0,82.0,2,5857.142857142857
Bellandur,1310.0,2.0,72.0,2,5496.18320610687
BTM Layout,3300.0,6.0,165.0,6,5000.0
Electronics City Phase 1,1175.0,2.0,57.0,2,4851.063829787234
Chikkalasandra,1428.0,2.0,80.0,3,5602.240896358543
Akshaya Nagar,750.0,4.0,62.0,4,8266.666666666666
Whitefield,3252.0,4.0,280.0,4,8610.086100861008
Haralur Road,1194.0,2.0,46.0,2,3852.5963149078725
Old Town,750.0,8.0,200.0,8,26666.666666666668
8th Phase JP Nagar,1080.0,2.0,35.0,2,3240.740740740741
Vijaya Bank Layout,1200.0,2.0,68.0,3,5666.666666666667
Whitefield,1200.0,2.0,45.0,2,3750.0
Okalipura,1200.0,4.0,120.0,5,10000.0
Bommasandra Industrial Area,1320.0,2.0,38.13,3,2888.636363636364
Badavala Nagar,1842.0,3.0,115.0,3,6243.213897937025
Sector 2 HSR Layout,1146.0,2.0,55.0,2,4799.301919720768
Rachenahalli,440.0,1.0,28.0,1,6363.636363636364
Sahakara Nagar,1048.0,2.0,50.0,2,4770.992366412213
Thanisandra,1801.0,3.0,115.0,3,6385.341476957246
Hennur Road,1232.0,2.0,69.61,2,5650.162337662337
Whitefield,1150.0,2.0,90.0,2,7826.086956521739
Talaghattapura,1868.0,3.0,120.0,3,6423.982869379015
Begur,1445.0,2.0,47.1,3,3259.515570934256
Hebbal Kempapura,1466.0,2.0,140.0,3,9549.795361527968
Harlur,1730.0,3.0,100.0,3,5780.346820809248
JP Nagar,3860.0,3.0,402.0,3,10414.507772020725
Somasundara Palya,1185.0,2.0,70.0,2,5907.172995780591
Yeshwanthpur,3027.0,4.0,260.0,3,8589.362405021473
Whitefield,2400.0,4.0,147.0,4,6125.0
Kaval Byrasandra,1185.0,2.0,49.0,2,4135.021097046413
Hongasandra,1150.0,2.0,49.0,2,4260.869565217391
Maruthi Extension,2000.0,4.0,180.0,5,9000.0
Vidyapeeta,875.0,3.0,98.0,6,11200.0
Pai Layout,1075.0,2.0,35.0,2,3255.813953488372
Hebbal,1760.0,3.0,123.0,3,6988.636363636364
Banashankari,1600.0,2.0,63.98,2,3998.75
Madiwala,910.0,4.0,140.0,4,15384.615384615385
Haralur Road,1000.0,2.0,78.0,2,7800.0
7th Phase JP Nagar,1215.0,2.0,90.0,2,7407.407407407408
EPIP Zone,1734.0,3.0,125.0,3,7208.76585928489
Akshaya Nagar,1280.0,2.0,60.0,2,4687.5
Rachenahalli,1113.0,2.0,55.0,2,4941.599281221923
Horamavu Banaswadi,1272.0,2.0,48.0,2,3773.5849056603774
Kereguddadahalli,1240.0,3.0,41.0,3,3306.451612903226
Varthur,704.0,8.0,92.0,8,13068.181818181818
Yelahanka,1100.0,2.0,70.0,2,6363.636363636364
Ambalipura,896.0,2.0,30.13,2,3362.723214285714
Rachenahalli,3657.0,5.0,220.0,4,6015.859994531036
BTM 2nd Stage,1200.0,2.0,35.0,2,2916.6666666666665
Ramagondanahalli,2800.0,4.0,155.0,4,5535.714285714285
Hebbal,2790.0,4.0,198.0,4,7096.774193548387
Ambalipura,3500.0,3.0,198.0,3,5657.142857142857
Ramamurthy Nagar,3600.0,3.0,150.0,3,4166.666666666667
Sarjapur,1500.0,2.0,30.0,2,2000.0
Meenakshi Layout,1200.0,7.0,220.0,8,18333.333333333332
S R Layout,1096.0,2.0,48.0,2,4379.56204379562
Cholanayakanahalli,580.0,2.0,95.0,2,16379.310344827587
GD Layout,1094.0,2.0,44.0,2,4021.9378427787933
Vittal Nagar,1100.0,2.0,49.0,2,4454.545454545455
Iblur Village,2987.5,5.0,191.0,4,6393.305439330544
Koramangala,2503.0,6.0,325.0,4,12984.418697562924
Nagarbhavi,1145.0,2.0,40.0,2,3493.4497816593885
Rachenahalli,1550.0,3.0,74.5,3,4806.451612903225
Seegehalli,1830.0,4.0,82.0,3,4480.87431693989
Hoodi,1746.0,3.0,84.95,3,4865.406643757159
Maruthi Sevanagar,1280.0,4.0,115.0,4,8984.375
Kengeri,918.0,2.0,27.54,2,3000.0
Chandapura,645.0,1.0,16.45,1,2550.3875968992247
Banashankari Stage III,1305.0,2.0,60.0,3,4597.701149425287
Thigalarapalya,1207.0,2.0,62.0,2,5136.702568351284
Thanisandra,1678.0,3.0,125.0,3,7449.344457687724
Kaggalipura,950.0,2.0,50.0,2,5263.1578947368425
Munnekollal,1200.0,7.0,240.0,10,20000.0
Electronic City,1070.0,2.0,55.0,2,5140.186915887851
Ardendale,1732.46,3.0,92.0,3,5310.367916142364
Attibele,1639.0,2.0,40.98,3,2500.305064063453
Marathahalli,1360.0,2.0,103.0,2,7573.529411764706
Malleshpalya,2592.0,4.0,250.0,4,9645.061728395061
RMV 2nd Stage,4470.0,3.0,700.0,3,15659.955257270694
Kithaganur,720.0,4.0,62.0,5,8611.111111111111
Lakshminarayana Pura,1656.0,3.0,150.0,3,9057.971014492754
Sarjapur  Road,985.0,2.0,49.0,2,4974.619289340101
Dodda Nekkundi,1999.0,3.0,135.0,3,6753.376688344172
7th Phase JP Nagar,1050.0,2.0,75.0,2,7142.857142857143
Whitefield,1440.0,2.0,64.0,3,4444.444444444444
Basavangudi,1600.0,2.0,160.0,3,10000.0
Ramagondanahalli,1253.0,2.0,52.66,2,4202.713487629689
Shirdi Sai Nagar,1200.0,3.0,85.0,3,7083.333333333333
Padmanabhanagar,1360.0,2.0,75.0,3,5514.705882352941
Hagadur,1086.0,2.0,47.5,2,4373.848987108656
Wilson Garden,1655.0,3.0,155.0,3,9365.558912386707
Old Madras Road,2600.0,4.0,260.0,4,10000.0
Sarjapur  Road,1418.0,2.0,78.0,2,5500.705218617772
Kalena Agrahara,1270.0,2.0,100.0,2,7874.0157480314965
Begur Road,1410.0,2.0,52.17,3,3700.0
"JP Nagar 7th Phase, ",1150.0,2.0,74.0,2,6434.782608695652
Ramamurthy Nagar,600.0,3.0,45.0,2,7500.0
Raghuvanahalli,1440.0,3.0,65.8,3,4569.444444444444
J C Nagar,1200.0,2.0,108.0,3,9000.0
Sadduguntepalya,1200.0,2.0,75.0,2,6250.0
Begur Road,1410.0,2.0,50.06,3,3550.354609929078
Chandapura,1200.0,5.0,92.0,4,7666.666666666667
Jalahalli,600.0,3.0,60.0,3,10000.0
Whitefield,624.0,1.0,35.0,1,5608.974358974359
Electronic City,1060.0,2.0,58.0,2,5471.698113207547
Hebbal,3960.0,5.0,386.0,4,9747.474747474747
Whitefield,1200.0,2.0,45.0,2,3750.0
Vidyaranyapura,1200.0,4.0,175.0,4,14583.333333333334
Sarjapur,1917.0,3.0,60.0,4,3129.8904538341158
KR Puram,950.0,2.0,40.0,2,4210.526315789473
Channasandra,3040.0,2.0,48.0,2,1578.9473684210527
BTM 2nd Stage,1250.0,3.0,50.0,3,4000.0
Vishwapriya Layout,1235.0,2.0,60.0,2,4858.299595141701
Budigere,722.0,1.0,46.0,1,6371.191135734072
Kanakpura Road,2775.0,3.0,165.0,4,5945.945945945946
Sarjapur  Road,1200.0,2.0,93.0,2,7750.0
Bannerghatta Road,1400.0,3.0,68.0,3,4857.142857142857
Mallathahalli,1225.0,3.0,60.0,3,4897.959183673469
Marathahalli,1220.0,2.0,58.5,2,4795.081967213115
Nagavarapalya,705.0,1.0,52.5,1,7446.808510638298
Battarahalli,1880.0,3.0,94.36,3,5019.148936170212
Yelahanka,1200.0,2.0,70.0,2,5833.333333333333
Doddakammanahalli,1550.0,2.0,60.0,3,3870.967741935484
Lingadheeranahalli,1893.0,3.0,130.0,3,6867.406233491812
HMT Layout,1650.0,3.0,75.0,3,4545.454545454545
Chikkathoguru,1113.0,2.0,46.0,2,4132.973944294699
BEL Road,1500.0,2.0,203.0,2,13533.333333333334
Kamakshipalya,1800.0,9.0,180.0,9,10000.0
Sarjapur  Road,1586.0,3.0,70.0,3,4413.619167717528
Seegehalli,4000.0,3.0,235.0,3,5875.0
Yelahanka New Town,1541.0,3.0,80.0,3,5191.434133679429
Haralur Road,1830.0,3.0,101.0,3,5519.12568306011
Kodigehalli,1200.0,2.0,48.0,2,4000.0
Bidrahalli,1800.0,2.0,72.0,3,4000.0
Bommasandra,1015.0,2.0,40.0,2,3940.886699507389
Raja Rajeshwari Nagar,1120.0,2.0,37.95,2,3388.3928571428573
Hoodi,706.0,1.0,48.24,1,6832.8611898017
Medi Agrahara,1350.0,4.0,85.0,4,6296.2962962962965
Kumaraswami Layout,610.0,4.0,95.0,6,15573.77049180328
Kanakpura Road,1900.0,3.0,99.0,3,5210.526315789473
Harlur,1200.0,4.0,243.0,4,20250.0
Seegehalli,3000.0,5.0,150.0,4,5000.0
Bisuvanahalli,1075.0,2.0,42.0,3,3906.9767441860463
Kanakpura Road,1290.0,2.0,80.0,2,6201.550387596899
Akshaya Nagar,1200.0,2.0,50.0,2,4166.666666666667
Hormavu,1150.0,2.0,53.11,2,4618.260869565217
Uttarahalli,1360.0,2.0,61.2,3,4500.0
4th Block Koramangala,4500.0,9.0,500.0,9,11111.111111111111
whitefiled,935.0,2.0,32.73,2,3500.5347593582883
Cox Town,1730.0,3.0,140.0,3,8092.485549132948
Sarjapur  Road,1260.0,2.0,53.0,2,4206.349206349207
Banagiri Nagar,675.0,6.0,125.0,6,18518.51851851852
Marathahalli,4000.0,4.0,650.0,4,16250.0
Marathahalli,950.0,2.0,45.68,2,4808.421052631579
Subbannaiah Palya,600.0,3.0,85.0,2,14166.666666666666
Vadarpalya,2500.0,5.0,120.0,5,4800.0
Hegde Nagar,3216.0,5.0,300.0,4,9328.358208955224
N R Layout,800.0,3.0,120.0,6,15000.0
Budigere,1991.0,4.0,88.0,3,4419.889502762431
Sarjapur  Road,1115.0,2.0,60.0,2,5381.165919282511
Koramangala,1900.0,3.0,150.0,3,7894.736842105263
Whitefield,1109.0,2.0,41.49,2,3741.2082957619477
Rajiv Nagar,2340.0,5.0,129.0,4,5512.820512820513
Judicial Layout,1200.0,6.0,300.0,6,25000.0
Whitefield,4356.0,5.0,850.0,4,19513.314967860424
9th Phase JP Nagar,1005.0,2.0,43.0,2,4278.606965174129
Kengeri,416.0,1.0,19.5,1,4687.5
1st Phase JP Nagar,1394.0,2.0,100.0,2,7173.601147776184
Harlur,2138.0,3.0,110.0,3,5144.9953227315245
Richards Town,1550.0,3.0,160.0,3,10322.58064516129
Nagavarapalya,1300.0,3.0,80.0,3,6153.846153846154
Thanisandra,1265.0,2.0,82.0,2,6482.213438735178
Manorayana Palya,1140.0,2.0,52.0,2,4561.403508771929
BCC Layout,1050.0,2.0,40.0,2,3809.5238095238096
Thanisandra,1100.0,2.0,48.0,2,4363.636363636364
Varthur,1012.0,2.0,59.0,2,5830.0395256917
Varthur,1600.0,4.0,112.0,4,7000.0
Yelahanka,1326.0,2.0,57.0,2,4298.6425339366515
Hebbal Kempapura,1654.0,2.0,85.0,3,5139.056831922612
Jeevan bima nagar,1705.0,2.0,290.0,3,17008.797653958944
Chikkalasandra,1070.0,2.0,42.8,2,4000.0
Whitefield,1700.0,3.0,95.0,3,5588.235294117647
Bhoganhalli,910.2,2.0,80.64,2,8859.591298615689
Kogilu,1140.0,2.0,50.66,2,4443.859649122807
Whitefield,4960.0,4.0,400.0,4,8064.5161290322585
Talaghattapura,2254.0,3.0,170.0,3,7542.147293700089
Kanakapura,945.0,2.0,47.0,2,4973.544973544974
Begur Road,2462.0,6.0,150.0,4,6092.607636068237
Giri Nagar,1350.0,3.0,240.0,3,17777.777777777777
Marathahalli,615.0,1.0,44.0,1,7154.471544715447
Ramamurthy Nagar,1110.0,2.0,65.0,2,5855.855855855856
Haralur Road,575.0,1.0,88.0,1,15304.347826086956
Electronic City,1025.0,2.0,54.1,2,5278.048780487805
Vinayak Nagar,1758.0,3.0,95.0,3,5403.86803185438
Gopalapura,3179.0,5.0,351.0,4,11041.207927021076
Kaikondrahalli,1342.0,3.0,92.0,3,6855.439642324888
Kalyan nagar,1800.0,3.0,85.0,3,4722.222222222223
Whitefield,2928.0,4.0,198.0,4,6762.295081967213
Doddathoguru,1140.0,2.0,32.0,2,2807.0175438596493
Raja Rajeshwari Nagar,1608.0,2.0,85.0,2,5286.0696517412935
Kadugodi,1645.0,2.0,82.0,3,4984.802431610942
Ramamurthy Nagar,1410.0,2.0,56.4,3,4000.0
Harlur,1200.0,2.0,52.0,2,4333.333333333333
8th Phase JP Nagar,1275.0,2.0,41.5,3,3254.901960784314
Dodda Nekkundi,3800.0,4.0,600.0,4,15789.473684210527
Kada Agrahara,909.0,2.0,40.0,3,4400.4400440044
Basavanapura,1200.0,3.0,85.0,2,7083.333333333333
Kalyan nagar,1080.0,2.0,73.0,2,6759.259259259259
Madanayakahalli,1200.0,2.0,34.0,2,2833.3333333333335
Akshaya Nagar,1092.0,2.0,60.0,2,5494.505494505494
Jalahalli,1932.0,4.0,135.0,3,6987.577639751553
KR Puram,1156.0,2.0,72.0,2,6228.3737024221455
Bellandur,924.0,2.0,35.11,2,3799.78354978355
Thubarahalli,1330.0,2.0,75.0,2,5639.097744360903
Thanisandra,1917.0,4.0,113.0,3,5894.627021387585
Chandapura,985.0,2.0,25.12,2,2550.253807106599
Mahalakshmi Puram,2400.0,6.0,408.0,6,17000.0
Richmond Town,1800.0,5.0,500.0,4,27777.777777777777
Mahalakshmi Puram,1290.0,1.0,225.0,2,17441.86046511628
Kodigehalli,655.0,1.0,53.0,1,8091.603053435115
4th Block Koramangala,1800.0,3.0,140.0,3,7777.777777777777
Margondanahalli,1360.0,2.0,45.0,4,3308.823529411765
Bellandur,1785.0,3.0,118.0,3,6610.644257703081
Kadugodi,4000.0,7.0,130.0,7,3250.0
Hebbal,1645.0,3.0,120.0,3,7294.83282674772
Gottigere,1235.0,2.0,63.0,2,5101.214574898785
Anandapura,900.0,2.0,48.0,2,5333.333333333333
Thanisandra,662.0,1.0,42.0,1,6344.410876132931
TC Palaya,1440.0,5.0,100.0,5,6944.444444444444
Whitefield,1215.0,2.0,62.0,2,5102.880658436214
Bisuvanahalli,845.0,2.0,37.0,2,4378.698224852071
Sarjapur  Road,1525.0,2.0,87.0,3,5704.918032786885
Jaladarsini Layout,1000.0,2.0,48.0,2,4800.0
Hebbal,1255.0,2.0,90.0,3,7171.314741035857
Mysore Road,1560.0,3.0,120.0,3,7692.307692307692
Kasavanhalli,2100.0,3.0,110.0,3,5238.0952380952385
Kodichikkanahalli,1620.0,2.0,85.0,3,5246.913580246914
Marathahalli,1595.0,3.0,90.0,3,5642.633228840125
Basavanapura,1095.0,2.0,38.52,2,3517.8082191780827
9th Phase JP Nagar,835.0,2.0,37.0,2,4431.137724550898
Hennur Road,2182.0,3.0,72.04,3,3301.5582034830436
Thigalarapalya,1418.0,2.0,106.0,2,7475.317348377997
Sanjay nagar,1900.0,2.0,180.0,3,9473.684210526315
Whitefield,2700.0,5.0,175.0,3,6481.481481481482
BTM 2nd Stage,1070.0,2.0,48.0,2,4485.981308411215
Ramamurthy Nagar,2000.0,9.0,150.0,9,7500.0
Munnekollal,2400.0,40.0,660.0,43,27500.0
Electronics City Phase 1,755.0,1.0,42.41,1,5617.218543046358
Hebbal,1645.0,3.0,117.0,3,7112.462006079028
Sarjapur,2400.0,3.0,190.0,3,7916.666666666667
Chandapura,645.0,1.0,16.45,1,2550.3875968992247
4th T block Jayanagar,3900.0,4.0,333.0,4,8538.461538461539
Attur Layout,2400.0,4.0,200.0,3,8333.333333333334
1st Block HRBR Layout,2416.0,10.0,600.0,10,24834.437086092716
Electronics City Phase 1,919.0,2.0,28.0,2,3046.789989118607
Bannerghatta Road,1725.0,3.0,110.0,3,6376.811594202899
Sarjapur  Road,1346.0,2.0,71.32,2,5298.662704309063
Electronic City Phase II,1070.0,2.0,45.0,2,4205.607476635514
Begur Road,1225.0,2.0,35.52,2,2899.5918367346944
Sarakki Nagar,880.0,6.0,75.0,6,8522.727272727272
Neeladri Nagar,640.0,1.0,20.5,1,3203.125
Chikkalasandra,1310.0,2.0,52.4,3,4000.0
Kanakapura,1190.0,2.0,39.0,2,3277.3109243697477
Basavanna Nagar,1645.0,3.0,87.5,3,5319.148936170212
Marathahalli,1350.0,2.0,89.0,2,6592.592592592592
Vittasandra,1404.0,2.0,68.8,2,4900.284900284901
Electronic City,1105.0,2.0,35.0,3,3167.420814479638
Kanakpura Road,900.0,2.0,41.0,2,4555.555555555556
A Narayanapura,1650.0,4.0,320.0,4,19393.939393939392
Dodda Nekkundi,1100.0,2.0,41.15,2,3740.909090909091
Thanisandra,2100.0,4.0,95.0,4,4523.809523809524
Thanisandra,1948.0,3.0,130.0,3,6673.511293634497
Singasandra,1464.0,3.0,56.0,3,3825.136612021858
Raja Rajeshwari Nagar,1210.0,2.0,45.0,2,3719.00826446281
Yelahanka,4000.0,5.0,220.0,5,5500.0
Brooke Bond First Cross,1252.0,2.0,55.0,2,4392.97124600639
Nagarbhavi,1200.0,4.0,240.0,5,20000.0
Sarjapur  Road,3905.0,7.0,290.0,5,7426.376440460947
Kundalahalli Colony,2600.0,3.0,140.0,3,5384.615384615385
7th Phase JP Nagar,1300.0,3.0,89.13,3,6856.153846153846
7th Phase JP Nagar,1130.0,2.0,73.0,2,6460.1769911504425
Budigere,1200.0,3.0,135.0,4,11250.0
Thanisandra,1690.0,3.0,125.0,3,7396.449704142012
Padmanabhanagar,4500.0,4.0,360.0,3,8000.0
Tasker Town,950.0,2.0,60.0,2,6315.789473684211
Marathahalli,1020.0,2.0,57.0,2,5588.235294117647
"Hoodi Circle, ",2107.0,4.0,95.0,4,4508.780256288562
Marathahalli,1735.0,3.0,72.0,3,4149.85590778098
Sarjapur  Road,915.0,2.0,37.0,2,4043.7158469945357
Glass Factory Layout,1450.0,3.0,68.0,3,4689.6551724137935
Thigalarapalya,2215.0,4.0,156.0,3,7042.889390519187
Raghavendra Nagar,2431.0,3.0,100.0,3,4113.533525298231
Hennur Road,1804.0,3.0,102.0,3,5654.10199556541
Marathahalli,1600.0,3.0,88.0,2,5500.0
Uttarahalli,1280.0,2.0,75.0,2,5859.375
Hebbal,1255.0,3.0,77.68,3,6189.641434262949
Koramangala,1320.0,2.0,150.0,2,11363.636363636364
Hoodi,1257.0,2.0,69.0,2,5489.260143198091
Raja Rajeshwari Nagar,1240.0,2.0,53.27,2,4295.967741935484
Milk Colony,1200.0,4.0,240.0,4,20000.0
Bannerghatta Road,1850.0,6.0,150.0,6,8108.108108108108
Hulimavu,1255.0,2.0,66.0,2,5258.964143426295
Ananth Nagar,870.0,2.0,36.0,2,4137.931034482759
Tumkur Road,1789.0,3.0,98.0,3,5477.920626048071
Basaveshwara Nagar,800.0,6.0,110.0,6,13750.0
Electronic City,660.0,1.0,18.0,2,2727.2727272727275
"Basnashankari,6th stage,",600.0,3.0,54.0,3,9000.0
Coffee Board Layout,1155.0,2.0,56.0,2,4848.484848484848
R.T. Nagar,1235.0,2.0,65.0,2,5263.1578947368425
Yelahanka,2675.0,4.0,140.0,4,5233.644859813084
CV Raman Nagar,1025.0,2.0,50.0,2,4878.048780487805
Raja Rajeshwari Nagar,1395.0,2.0,72.0,3,5161.290322580645
Rachenahalli,1530.0,2.0,74.4,3,4862.745098039216
Dodda Nekkundi,1252.0,2.0,71.0,3,5670.926517571885
Hennur Road,1081.0,2.0,30.27,2,2800.1850138760406
Haralur Road,1255.0,3.0,130.0,3,10358.565737051793
Ardendale,2062.0,3.0,150.0,4,7274.4907856450045
Choodasandra,1220.0,3.0,56.0,3,4590.163934426229
Jigani,1408.0,2.0,55.0,3,3906.25
Bisuvanahalli,1180.0,2.0,60.0,3,5084.745762711865
Sarjapur  Road,715.0,1.0,29.0,1,4055.944055944056
Sarjapur  Road,1230.0,2.0,94.5,2,7682.926829268293
Kaggadasapura,1035.0,2.0,45.5,2,4396.135265700483
EPIP Zone,3360.0,5.0,225.0,4,6696.428571428572
Kathriguppe,1300.0,3.0,77.99,3,5999.230769230769
Kanakpura Road,1100.0,3.0,52.97,3,4815.454545454545
Whitefield,1216.0,2.0,84.0,2,6907.894736842105
Shirdi Sai Layout,1450.0,2.0,62.63,2,4319.310344827586
Nagavarapalya,705.0,1.0,57.0,1,8085.106382978724
Gottigere,1385.0,3.0,64.0,3,4620.938628158845
Anekal,1200.0,2.0,36.1,2,3008.3333333333335
Electronic City Phase II,1310.0,2.0,32.75,3,2500.0
Sarjapur  Road,1043.0,2.0,39.5,2,3787.152444870566
Koramangala,1320.0,2.0,110.0,2,8333.333333333334
Near ullas theater,1900.0,3.0,205.0,3,10789.473684210527
Varthur,1140.0,2.0,39.9,2,3500.0
Kadugodi,1100.0,2.0,45.0,2,4090.909090909091
Hebbal,1586.0,3.0,90.0,3,5674.653215636822
Chandapura,975.0,2.0,24.86,2,2549.74358974359
Amruthnagar,1365.0,3.0,60.0,2,4395.604395604396
Rajaji Nagar,1263.0,2.0,107.0,2,8471.892319873317
Begur Road,1565.0,2.0,59.76,3,3818.5303514376997
Karuna Nagar,1163.0,3.0,180.0,3,15477.214101461737
Whitefield,2882.0,5.0,204.0,4,7078.417765440666
Hennur Road,2320.0,3.0,170.0,3,7327.586206896552
Sarjapur  Road,1750.0,3.0,99.0,3,5657.142857142857
Kudlu,1143.0,2.0,55.0,2,4811.898512685914
Hennur Road,1936.0,3.0,118.0,3,6095.0413223140495
Electronic City,660.0,1.0,15.0,2,2272.7272727272725
Chandapura,700.0,1.0,19.0,2,2714.285714285714
Chikkakannalli,1402.0,2.0,85.0,3,6062.767475035664
Hebbal,4640.0,4.0,600.0,4,12931.034482758621
Electronic City,1000.0,2.0,41.0,2,4100.0
Gottigere,1000.0,2.0,35.0,2,3500.0
Kengeri Satellite Town,818.0,2.0,26.0,2,3178.484107579462
Bommenahalli,1680.0,3.0,135.0,4,8035.714285714285
Kalyan nagar,2422.0,3.0,150.0,4,6193.228736581338
Indira Nagar,1145.0,2.0,100.0,2,8733.624454148472
Chandapura,1190.0,2.0,30.35,3,2550.4201680672268
Sarjapur  Road,1145.0,2.0,62.0,2,5414.847161572053
Somasundara Palya,1575.0,3.0,68.0,3,4317.460317460317
Bannerghatta Road,9000.0,4.0,390.0,3,4333.333333333333
Thanisandra,1200.0,2.0,46.0,2,3833.3333333333335
Yelahanka,1500.0,2.0,63.0,3,4200.0
Ramamurthy Nagar,2560.0,4.0,75.0,4,2929.6875
Kothanur,1583.0,3.0,76.1,3,4807.327858496525
Kanakpura Road,700.0,2.0,34.98,2,4997.142857142857
Bannerghatta Road,950.0,2.0,38.0,2,4000.0
Banashankari,1041.0,2.0,36.44,2,3500.480307396734
Thubarahalli,1085.0,2.0,70.0,2,6451.612903225807
Anjanapura,1070.0,2.0,37.0,2,3457.9439252336447
Raja Rajeshwari Nagar,1165.0,2.0,45.0,2,3862.6609442060085
Bommasandra,1000.0,2.0,35.0,2,3500.0
Horamavu Agara,1169.0,2.0,64.0,2,5474.764756201882
A Narayanapura,1150.0,4.0,110.0,4,9565.217391304348
Whitefield,1840.0,3.0,140.0,3,7608.695652173913
Bhuvaneswari Nagar,1550.0,3.0,75.0,3,4838.709677419355
Kaval Byrasandra,997.0,2.0,53.0,2,5315.947843530592
Gunjur,1457.0,2.0,60.0,2,4118.050789293068
ISRO Layout,1000.0,2.0,60.0,2,6000.0
KR Puram,1000.0,2.0,60.0,2,6000.0
Sarjapur  Road,1500.0,3.0,88.0,3,5866.666666666667
Cottonpet,958.0,3.0,210.0,5,21920.668058455114
Lakshminarayana Pura,1165.0,2.0,75.0,2,6437.768240343347
Upkar Layout,1200.0,7.0,169.0,7,14083.333333333334
Kasavanhalli,1787.0,3.0,123.0,3,6883.044208170118
Raja Rajeshwari Nagar,1288.0,2.0,70.0,3,5434.782608695652
Thanisandra,1430.0,2.0,54.11,3,3783.916083916084
Hulimavu,3035.0,5.0,271.0,3,8929.159802306425
Doddathoguru,750.0,1.0,25.5,1,3400.0
Yelachenahalli,900.0,2.0,115.0,4,12777.777777777777
Channasandra,1200.0,3.0,67.77,3,5647.5
Electronic City,1500.0,2.0,78.0,3,5200.0
Ambalipura,1230.0,2.0,66.25,2,5386.178861788618
Marathahalli,780.0,1.0,55.0,1,7051.282051282052
Bannerghatta Road,1220.0,2.0,80.0,2,6557.377049180328
Kanakpura Road,1110.0,2.0,43.0,2,3873.873873873874
Yeshwanthpur Industrial Suburb,2100.0,3.0,240.0,3,11428.57142857143
Hosakerehalli,1380.0,9.0,150.0,9,10869.565217391304
Akshaya Nagar,1690.0,3.0,85.0,3,5029.585798816568
Bannerghatta Road,1130.0,2.0,78.0,2,6902.654867256637
Electronic City,1213.0,2.0,59.32,2,4890.35449299258
Kengeri,900.0,2.0,45.0,2,5000.0
Panathur,1199.0,2.0,85.0,2,7089.241034195163
Nandi Hills,5000.0,4.0,290.0,4,5800.0
Bellandur,700.0,8.0,100.0,7,14285.714285714286
Uttarahalli,661.0,1.0,36.0,1,5446.293494704993
Thanisandra main road,1804.0,2.0,285.0,2,15798.226164079822
Marathahalli,1710.0,3.0,100.0,3,5847.953216374269
Kengeri Satellite Town,1030.0,2.0,50.0,2,4854.368932038835
Choodasandra,1220.0,3.0,56.0,3,4590.163934426229
Marathahalli,1530.0,3.0,73.5,3,4803.921568627451
Ramamurthy Nagar,1200.0,2.0,78.0,2,6500.0
Rajarajeshwari nagar,2000.0,3.0,85.0,3,4250.0
Nagarbhavi,300.0,1.0,20.0,1,6666.666666666667
Green Glen Layout,1751.0,2.0,115.0,3,6567.6756139348945
R.T. Nagar,800.0,1.0,170.0,2,21250.0
Panathur,1255.0,2.0,79.0,2,6294.820717131474
Whitefield,1778.0,3.0,122.0,3,6861.6422947131605
Ashirvad Colony,1100.0,2.0,45.0,2,4090.909090909091
Hennur Road,1480.0,2.0,65.0,2,4391.891891891892
Marathahalli,1358.0,2.0,81.0,2,5964.653902798233
Electronics City Phase 1,580.0,1.0,27.0,1,4655.172413793103
Choodasandra,1197.0,2.0,63.0,2,5263.1578947368425
HRBR Layout,1200.0,2.0,170.0,4,14166.666666666666
Lingadheeranahalli,1705.0,3.0,110.0,3,6451.612903225807
Electronic City Phase II,1310.0,2.0,37.83,3,2887.7862595419847
Hoodi,1132.0,2.0,67.9,2,5998.233215547704
SMV layout,1200.0,3.0,140.0,3,11666.666666666666
Peenya,814.0,2.0,55.0,2,6756.756756756757
Electronic City,1575.0,3.0,90.0,3,5714.285714285715
Pattandur Agrahara,1302.0,2.0,66.0,2,5069.124423963133
Sultan Palaya,1800.0,8.0,175.0,6,9722.222222222223
Hegde Nagar,2006.8,4.0,196.0,3,9766.792904125972
Saptagiri Layout,1100.0,2.0,44.0,2,4000.0
Vijaya Bank Layout,2400.0,5.0,400.0,5,16666.666666666668
Doddabanahalli,830.0,2.0,37.0,2,4457.831325301205
 Electronic City,435.0,1.0,19.5,1,4482.758620689655
Mathikere,1590.0,3.0,120.0,3,7547.169811320755
Electronic City Phase II,1140.0,2.0,33.06,2,2900.0
Kasavanhalli,1090.0,2.0,59.8,2,5486.238532110092
Thanisandra,1922.0,3.0,106.0,3,5515.088449531738
Thanisandra,965.0,2.0,67.0,2,6943.00518134715
Mysore Road,883.0,2.0,40.95,2,4637.5990939977355
8th Phase JP Nagar,1062.0,2.0,42.47,2,3999.0583804143125
Electronic City Phase II,1089.0,2.0,32.67,2,3000.0
Babusapalaya,1358.0,2.0,43.1,3,3173.784977908689
Hoodi,1108.0,2.0,87.0,2,7851.985559566787
Harlur,1197.0,2.0,79.0,2,6599.832915622389
Sarjapur  Road,1190.0,2.0,50.0,2,4201.680672268908
Dairy Circle,3754.0,6.0,430.0,4,11454.448588172616
Vijayanagar,1749.0,3.0,117.0,3,6689.536878216123
Sarjapur  Road,1750.0,3.0,215.0,4,12285.714285714286
Kasavanhalli,1691.0,3.0,104.0,3,6150.206978119456
Electronic City,1449.0,3.0,100.0,3,6901.311249137336
Whitefield,1400.0,2.0,80.0,2,5714.285714285715
Electronic City,1310.0,2.0,37.83,3,2887.7862595419847
Vijayabank bank layout,1100.0,2.0,48.0,2,4363.636363636364
Ramanjaneyanagar,1230.0,2.0,53.51,3,4350.40650406504
Green Glen Layout,1750.0,3.0,130.0,3,7428.571428571428
7th Phase JP Nagar,1450.0,3.0,100.0,3,6896.551724137931
Haralur Road,1810.0,3.0,126.0,3,6961.325966850829
Vittasandra,1246.0,2.0,62.3,2,5000.0
Brookefield,1420.0,3.0,85.0,3,5985.915492957746
Old Airport Road,2658.0,5.0,187.0,4,7035.364936042137
6th block Koramangala,1450.0,2.0,89.6,3,6179.310344827586
D Group Employees Layout,1200.0,4.0,230.0,4,19166.666666666668
Outer Ring Road East,1367.0,2.0,62.0,2,4535.479151426482
Talaghattapura,2254.0,3.0,170.0,3,7542.147293700089
Begur Road,1160.0,2.0,42.0,2,3620.689655172414
Sanjay nagar,1200.0,4.0,185.0,5,15416.666666666666
Kadugodi,1711.0,3.0,75.0,3,4383.4015195791935
Hosahalli Extension,750.0,6.0,112.0,9,14933.333333333334
Raja Rajeshwari Nagar,1120.0,2.0,37.97,2,3390.1785714285716
Kaggalipura,950.0,2.0,47.0,2,4947.368421052632
Basavangudi,1560.0,2.0,145.0,2,9294.871794871795
1Channasandra,1250.0,15.0,125.0,14,10000.0
Kanakpura Road,1225.0,2.0,60.0,2,4897.959183673469
TC Palaya,1200.0,2.0,66.0,3,5500.0
Tala Cauvery Layout,1340.0,2.0,77.0,2,5746.268656716418
Sarjapur  Road,1846.0,3.0,145.0,3,7854.821235102925
Dodda Nekkundi,1155.0,2.0,46.0,2,3982.683982683983
Balagere,1205.0,2.0,70.0,2,5809.128630705394
Thanisandra,1140.0,2.0,36.0,2,3157.8947368421054
Raja Rajeshwari Nagar,1140.0,2.0,38.65,2,3390.3508771929824
Jalahalli East,1300.0,2.0,63.0,3,4846.153846153846
Bellandur,1051.0,2.0,60.0,2,5708.848715509039
Uttarahalli,1134.0,2.0,45.36,2,4000.0
Kodihalli,2500.0,4.0,260.0,3,10400.0
Yemlur,12000.0,9.0,1900.0,8,15833.333333333334
Basavanapura,1135.0,2.0,32.91,2,2899.5594713656383
"Whitefield, ",1745.0,3.0,77.0,3,4412.607449856733
Banashankari,500.0,5.0,92.0,5,18400.0
Kempegowda Nagar,1665.0,3.0,105.0,3,6306.306306306306
Bellari Road,1220.0,2.0,48.79,2,3999.1803278688526
Kanakpura Road,1868.0,3.0,113.0,3,6049.250535331906
Anandapura,640.0,3.0,45.0,3,7031.25
Vaderahalli,2300.0,4.0,200.0,4,8695.652173913044
Akshayanagara East,1210.0,2.0,76.0,2,6280.99173553719
Ambalipura,1351.0,2.0,77.0,2,5699.481865284974
Hebbal,1636.0,3.0,119.0,3,7273.838630806846
R.T. Nagar,2400.0,6.0,450.0,5,18750.0
Haralur Road,1464.0,2.0,56.0,2,3825.136612021858
Attibele,418.0,1.0,12.0,1,2870.813397129187
Kanakpura Road,1339.0,2.0,62.0,2,4630.321135175504
Bannerghatta,2370.0,4.0,195.0,3,8227.848101265823
Rachenahalli,1530.0,2.0,74.5,3,4869.281045751634
Mallathahalli,1100.0,2.0,46.0,2,4181.818181818182
7th Phase JP Nagar,1350.0,3.0,58.0,3,4296.2962962962965
Marathahalli,1290.0,2.0,52.0,2,4031.0077519379847
Bommasandra Industrial Area,1220.0,2.0,35.23,3,2887.7049180327863
Sarjapur  Road,1846.0,3.0,155.0,3,8396.533044420368
Hegde Nagar,1847.0,3.0,135.0,3,7309.1499729290745
Whitefield,3100.0,4.0,350.0,4,11290.322580645161
Hoodi,1430.0,2.0,110.0,2,7692.307692307692
Old Madras Road,935.0,2.0,45.0,2,4812.834224598931
Attibele,1350.0,3.0,85.0,3,6296.2962962962965
Kammanahalli,540.0,3.0,60.0,3,11111.111111111111
Hennur Road,1590.0,3.0,96.5,3,6069.182389937107
Peenya,1286.0,3.0,67.0,3,5209.9533437014
Samethanahalli,1141.0,2.0,40.0,2,3505.6967572304998
Shivaji Nagar,1554.0,3.0,130.0,2,8365.508365508365
Hebbal,3520.0,3.0,430.0,3,12215.90909090909
Malleshwaram,7500.0,7.0,1700.0,5,22666.666666666668
Harlur,1749.0,3.0,112.0,3,6403.659233847913
4th Phase JP Nagar,2250.0,5.0,360.0,5,16000.0
K R C kothanur,1140.0,2.0,45.0,2,3947.3684210526317
Bommenahalli,1632.0,3.0,128.0,4,7843.137254901961
Ramamurthy Nagar,1000.0,2.0,41.0,3,4100.0
Nyanappana Halli,1065.0,2.0,58.0,2,5446.0093896713615
Haralur Road,1520.0,2.0,96.0,3,6315.789473684211
Bisuvanahalli,1075.0,2.0,43.0,3,4000.0
Srirampuram,5.0,7.0,115.0,7,2300000.0
Gubbalala,1539.0,2.0,52.36,3,3402.2092267706303
Sector 7 HSR Layout,1342.0,2.0,115.0,2,8569.29955290611
HBR Layout,1004.0,2.0,49.0,2,4880.478087649402
Ramagondanahalli,1295.0,2.0,95.0,2,7335.907335907336
Thanisandra,1098.0,2.0,74.0,2,6739.526411657559
Kothanur,1070.0,2.0,45.5,2,4252.336448598131
Hosa Road,1016.0,2.0,40.0,2,3937.0078740157483
Bellandur,1450.0,3.0,68.0,3,4689.6551724137935
Yelahanka,654.0,1.0,37.0,1,5657.492354740061
Koramangala,5985.0,4.0,775.0,4,12949.039264828738
Yelachenahalli,1080.0,2.0,38.0,2,3518.5185185185187
Vijayanagar,1046.0,2.0,75.0,2,7170.172084130019
Domlur,1950.0,3.0,165.0,3,8461.538461538461
Bhoganhalli,1610.0,3.0,84.53,3,5250.310559006211
Doddakallasandra,2493.0,3.0,115.0,3,4612.916165262735
Ramagondanahalli,1151.0,2.0,50.5,2,4387.489139878367
Electronic City,1125.0,2.0,58.0,2,5155.555555555556
Kammasandra,992.0,2.0,25.79,2,2599.798387096774
1st Block Jayanagar,1000.0,3.0,60.0,2,6000.0
Banashankari Stage II,2400.0,3.0,510.0,5,21250.0
Bommanahalli,1850.0,3.0,90.0,3,4864.864864864865
Harlur,1174.0,2.0,75.0,2,6388.415672913117
Sultan Palaya,1100.0,2.0,45.0,2,4090.909090909091
Raja Rajeshwari Nagar,1095.0,2.0,38.33,2,3500.4566210045664
Banashankari,3580.0,3.0,411.0,3,11480.446927374302
Choodasandra,900.0,4.0,155.0,3,17222.222222222223
Kengeri Hobli,1082.0,2.0,42.0,3,3881.7005545286506
Uttarahalli,1350.0,2.0,47.24,3,3499.259259259259
Kadugodi,1314.0,2.0,78.0,2,5936.07305936073
Maithri Layout,1290.0,2.0,40.63,2,3149.6124031007757
Kaggadasapura,1010.0,2.0,55.0,2,5445.544554455446
Shivaji Nagar,2200.0,2.0,110.0,2,5000.0
"Sarjapur Road, ",1636.0,3.0,97.0,3,5929.095354523228
9th Phase JP Nagar,1050.0,2.0,39.0,2,3714.285714285714
7th Phase JP Nagar,1200.0,2.0,200.0,2,16666.666666666668
Haralur Road,1520.0,2.0,125.0,3,8223.684210526315
5th Phase JP Nagar,2500.0,5.0,110.0,5,4400.0
Sarjapur  Road,1067.0,2.0,60.0,2,5623.242736644798
NRI Layout,1060.0,2.0,35.0,2,3301.8867924528304
Bommasandra,955.0,2.0,35.28,2,3694.240837696335
Thigalarapalya,1418.0,2.0,104.0,2,7334.273624823695
8th Phase JP Nagar,1200.0,8.0,225.0,9,18750.0
Anekal,700.0,1.0,19.4,2,2771.428571428571
Kanakpura Road,1366.0,2.0,83.0,2,6076.134699853587
Electronic City,1090.0,2.0,35.03,2,3213.761467889908
Jigani,1250.0,3.0,58.0,3,4640.0
Richards Town,3600.0,4.0,450.0,4,12500.0
Electronics City Phase 1,950.0,2.0,33.0,2,3473.684210526316
Indira Nagar,1470.0,2.0,170.0,2,11564.625850340137
Yelahanka,1250.0,2.0,40.0,2,3200.0
HBR Layout,800.0,4.0,180.0,4,22500.0
Badavala Nagar,1494.0,2.0,94.55,3,6328.647925033467
Hennur Road,1445.0,2.0,105.0,3,7266.435986159169
Kundalahalli,1397.0,3.0,105.0,3,7516.1059413027915
Vijayanagar,606.0,1.0,40.0,1,6600.660066006601
Gollarapalya Hosahalli,861.0,2.0,34.5,2,4006.968641114983
 Devarachikkanahalli,1170.0,2.0,40.0,2,3418.803418803419
Koramangala,2461.0,6.0,353.0,4,14343.762698090208
Marathahalli,1205.0,2.0,75.0,2,6224.066390041494
Cottonpet,1224.0,4.0,200.0,8,16339.869281045752
Rajaji Nagar,660.0,1.0,75.0,1,11363.636363636364
Dommasandra,1153.0,2.0,43.5,2,3772.7666955767563
OMBR Layout,2400.0,5.0,275.0,5,11458.333333333334
Old Madras Road,4500.0,7.0,294.0,5,6533.333333333333
Vijayanagar,1200.0,2.0,62.0,2,5166.666666666667
Vignana Nagar,1450.0,3.0,42.0,3,2896.551724137931
Budigere,1139.0,2.0,60.0,2,5267.778753292362
Green Glen Layout,1530.0,3.0,105.0,3,6862.745098039216
2nd Block Jayanagar,825.0,6.0,400.0,6,48484.84848484849
Electronic City,1575.0,3.0,101.0,3,6412.6984126984125
Whitefield,650.0,1.0,25.0,1,3846.153846153846
Sai Gardens,1120.0,2.0,40.0,2,3571.4285714285716
Akshaya Nagar,1700.0,3.0,80.0,3,4705.882352941177
Varthur,1090.0,2.0,48.0,2,4403.6697247706425
Akshaya Nagar,1897.0,4.0,93.0,3,4902.477596204533
Nelamangala,1200.0,3.0,72.0,3,6000.0
Kanakpura Road,700.0,2.0,40.0,2,5714.285714285715
Thanisandra,1437.0,2.0,71.13,2,4949.895615866389
Ambedkar Nagar,1856.0,3.0,120.0,3,6465.517241379311
Singanayakanahalli,1500.0,2.0,65.0,3,4333.333333333333
Hennur Road,1036.0,2.0,59.45,2,5738.416988416989
Attur Layout,3000.0,8.0,90.0,6,3000.0
Mico Layout,1125.0,2.0,40.0,2,3555.5555555555557
Uttarahalli,1320.0,2.0,55.44,3,4200.0
Malleshwaram,2215.0,4.0,310.0,3,13995.48532731377
Electronic City,660.0,1.0,16.0,2,2424.242424242424
Marathahalli,1730.0,3.0,110.0,3,6358.381502890174
Mahalakshmi Puram,750.0,4.0,85.0,4,11333.333333333334
Talaghattapura,1804.0,3.0,115.0,3,6374.7228381374725
Thanisandra,1795.0,3.0,140.0,3,7799.442896935933
7th Phase JP Nagar,1050.0,2.0,50.0,2,4761.9047619047615
Dasarahalli,2100.0,3.0,120.0,3,5714.285714285715
Rayasandra,1199.0,2.0,48.5,3,4045.0375312760634
SBM Colony,1350.0,2.0,280.0,3,20740.74074074074
Vignana Nagar,1100.0,2.0,47.0,2,4272.727272727273
Udaya Nagar,1000.0,1.0,75.0,2,7500.0
Kanakapura,1254.0,2.0,70.0,3,5582.13716108453
Medahalli,600.0,8.0,70.0,8,11666.666666666666
Electronics City Phase 1,940.0,2.0,49.0,2,5212.765957446809
BTM 2nd Stage,1280.0,2.0,80.0,2,6250.0
Whitefield,2155.0,3.0,125.0,4,5800.46403712297
Sarjapur  Road,3200.0,5.0,140.0,5,4375.0
Kasavanhalli,4260.0,4.0,272.0,4,6384.976525821597
Hebbal,1255.0,2.0,95.0,3,7569.721115537848
Suraksha Nagar,1388.0,3.0,69.99,3,5042.50720461095
 Whitefield,905.0,1.0,52.0,1,5745.85635359116
VGP Layout,1176.0,2.0,44.0,2,3741.496598639456
Uttarahalli,1390.0,2.0,61.16,3,4400.0
Giri Nagar,2400.0,4.0,400.0,4,16666.666666666668
Sahakara Nagar,1160.0,2.0,55.0,2,4741.379310344828
Seegehalli,2800.0,4.0,140.0,4,5000.0
5th Block Hbr Layout,1200.0,4.0,205.0,4,17083.333333333332
Marathahalli,1583.0,3.0,115.0,3,7264.687302590019
Jigani,1252.0,3.0,63.0,3,5031.948881789137
Rustam Bagh Layout,1170.0,2.0,86.0,2,7350.427350427351
Bannerghatta Road,1350.0,2.0,51.0,3,3777.777777777778
Gottigere,1075.0,2.0,30.0,2,2790.6976744186045
Hosa Road,972.0,2.0,40.0,2,4115.22633744856
Bannerghatta Road,1486.0,3.0,83.22,3,5600.269179004038
Margondanahalli,555.0,1.0,37.0,2,6666.666666666667
Vaishnavi Layout,4830.0,5.0,390.0,4,8074.534161490683
Cottonpet,850.0,2.0,75.0,2,8823.529411764706
Binny Pete,1282.0,3.0,178.0,3,13884.555382215289
Hebbal,2790.0,4.0,198.0,4,7096.774193548387
Sarjapur  Road,2383.0,5.0,215.0,4,9022.24087284935
Naganathapura,1103.0,2.0,55.0,2,4986.400725294651
Rayasandra,1577.0,3.0,67.0,3,4248.57324032974
Yelahanka,1465.0,3.0,80.01,3,5461.433447098977
Vimanapura,1600.0,3.0,64.0,3,4000.0
Uttarahalli,1090.0,2.0,45.0,2,4128.440366972477
Yelahanka,1721.0,3.0,80.86,3,4698.4311446833235
Seetharampalya,1100.0,2.0,55.0,2,5000.0
Varthur,1450.0,3.0,71.0,3,4896.551724137931
Battarahalli,1071.0,2.0,62.0,2,5788.9822595704945
Old Madras Road,2266.0,3.0,169.0,3,7458.075904677847
Kundalahalli Colony,2065.0,3.0,130.0,3,6295.399515738499
Kanakpura Road,1800.0,3.0,90.0,3,5000.0
Defence Colony,1150.0,2.0,125.0,2,10869.565217391304
Housing Board Layout Vijay Nagar,1200.0,8.0,220.0,8,18333.333333333332
Hormavu,1123.0,2.0,56.0,2,4986.642920747997
Akshaya Nagar,1884.0,3.0,98.0,3,5201.698513800425
1st Block Jayanagar,930.0,4.0,85.0,7,9139.78494623656
Lakshminarayana Pura,1145.0,2.0,75.0,2,6550.218340611354
Hebbal,1328.0,2.0,60.0,3,4518.0722891566265
Subramanyapura,950.0,2.0,55.0,2,5789.473684210527
Thomas Town,1250.0,2.0,59.0,2,4720.0
Pragathi Nagar,1115.0,2.0,46.0,2,4125.5605381165915
Gollarapalya Hosahalli,1318.0,3.0,54.0,3,4097.11684370258
JP Nagar,3300.0,4.0,160.0,3,4848.484848484848
Kalyan nagar,1280.0,2.0,48.0,2,3750.0
Whitefield,1230.0,2.0,59.0,2,4796.747967479675
Raja Rajeshwari Nagar,1420.0,2.0,60.0,3,4225.352112676056
Kasavanhalli,2111.0,4.0,120.0,3,5684.509711037423
Vidyaranyapura,1100.0,2.0,54.0,2,4909.090909090909
Harlur,1750.0,3.0,136.0,3,7771.428571428572
RMV 2nd Stage,2550.0,4.0,290.0,3,11372.549019607843
Shampura,700.0,1.0,35.0,2,5000.0
Uttarahalli,1050.0,2.0,42.0,2,4000.0
Uttarahalli,1235.0,2.0,90.0,2,7287.44939271255
Yeshwanthpur,1200.0,2.0,63.0,2,5250.0
Kengeri,900.0,2.0,30.0,2,3333.3333333333335
Thanisandra,1146.0,2.0,38.0,2,3315.8813263525303
Yeshwanthpur,1200.0,4.0,110.0,4,9166.666666666666
Banashankari,2400.0,1.0,200.0,1,8333.333333333334
Marathahalli,1200.0,5.0,108.0,6,9000.0
Devarachikkanahalli,615.0,1.0,24.0,1,3902.439024390244
Mysore Road,1070.0,2.0,49.65,2,4640.186915887851
Rajaji Nagar,1538.0,5.0,300.0,5,19505.85175552666
Poorna Pragna Layout,1355.0,2.0,58.25,3,4298.89298892989
Venkatapura,3080.0,2.0,285.0,4,9253.246753246753
Kundalahalli,1800.0,3.0,80.0,3,4444.444444444444
Begur Road,1400.0,2.0,50.06,3,3575.714285714286
Uttarahalli,1123.0,2.0,48.0,2,4274.2653606411395
Konanakunte,1200.0,2.0,130.0,4,10833.333333333334
Kengeri,787.0,2.0,31.0,2,3939.0088945362136
Kambipura,1082.0,2.0,45.0,3,4158.964879852126
Seegehalli,1096.0,2.0,41.0,2,3740.875912408759
Vidyaranyapura,1200.0,7.0,140.0,7,11666.666666666666
R.T. Nagar,1140.0,3.0,130.0,3,11403.508771929824
Venugopal Reddy Layout,1130.0,2.0,52.0,2,4601.769911504425
Electronic City,550.0,1.0,12.0,1,2181.818181818182
Mahadevpura,1058.0,2.0,85.0,2,8034.026465028355
Hebbal,1269.0,2.0,73.0,3,5752.561071710008
Prithvi Layout,946.0,3.0,140.0,3,14799.154334038056
4th Block Koramangala,3400.0,6.0,420.0,4,12352.941176470587
Kanakpura Road,2689.0,6.0,245.0,4,9111.193752324285
Hennur Road,1976.0,3.0,65.21,3,3300.101214574898
Kothanur,1820.0,3.0,77.0,3,4230.7692307692305
Uttarahalli,1329.0,2.0,56.0,3,4213.694507148231
Kathriguppe,1350.0,2.0,80.99,3,5999.259259259258
Nagarbhavi,1250.0,3.0,175.0,4,14000.0
Whitefield,1205.0,2.0,40.0,2,3319.5020746887967
Manganahalli,800.0,6.0,98.0,6,12250.0
Kanakpura Road,1339.0,2.0,71.5,2,5339.805825242718
Uttarahalli,938.0,2.0,35.0,2,3731.3432835820895
Kuvempu Nagar,450.0,1.0,25.0,1,5555.555555555556
BTM 2nd Stage,1100.0,2.0,70.0,2,6363.636363636364
2nd Stage Nagarbhavi,600.0,3.0,95.0,4,15833.333333333334
Yelahanka,1060.0,2.0,40.0,2,3773.5849056603774
Whitefield,1125.0,2.0,40.0,2,3555.5555555555557
Whitefield,810.0,1.0,21.0,1,2592.5925925925926
Bellandur,1060.0,2.0,65.0,2,6132.075471698113
Anandapura,1749.0,4.0,90.0,4,5145.797598627787
Sahakara Nagar,1200.0,2.0,75.0,3,6250.0
Cleveland Town,1100.0,2.0,85.0,2,7727.272727272727
Rachenahalli,680.0,1.0,32.64,1,4800.0
Jalahalli East,720.0,4.0,48.0,4,6666.666666666667
Gunjur,6613.0,7.0,950.0,5,14365.643429608348
Hoodi,1925.0,3.0,110.0,3,5714.285714285715
Kengeri,502.0,1.0,25.0,1,4980.0796812749
Bommenahalli,3339.0,3.0,250.0,3,7487.271638215035
Begur,1475.0,2.0,74.0,3,5016.949152542373
Indra Nagar,1550.0,3.0,258.0,3,16645.16129032258
Peenya,966.0,2.0,49.0,2,5072.463768115942
t.c palya,1350.0,6.0,160.0,6,11851.851851851852
Haralur Road,1300.0,2.0,75.0,2,5769.2307692307695
Bagalur Main Road,4400.0,4.0,350.0,5,7954.545454545455
Kogilu,1559.0,3.0,120.0,3,7697.2418216805645
Vittasandra,1246.0,2.0,63.0,2,5056.179775280899
Rajaji Nagar,2790.0,3.0,950.0,3,34050.179211469534
Begur Road,1410.0,2.0,53.58,3,3800.0
Varthur Road,1300.0,3.0,75.0,4,5769.2307692307695
Kanakpura Road,1339.0,2.0,58.0,2,4331.59073935773
Ilyas Nagar,900.0,4.0,75.0,4,8333.333333333334
Channasandra,1104.0,2.0,35.5,2,3215.5797101449275
Sultan Palaya,900.0,2.0,45.0,2,5000.0
3rd Phase JP Nagar,1550.0,2.0,79.0,3,5096.774193548387
Kanakpura Road,670.0,1.0,35.0,1,5223.880597014925
Jakkur,1483.0,2.0,98.0,2,6608.226567768038
Basapura,1540.0,2.0,70.0,3,4545.454545454545
Naganathapura,1200.0,7.0,100.0,8,8333.333333333334
Hennur,1255.0,2.0,54.5,2,4342.629482071713
OMBR Layout,600.0,3.0,100.0,3,16666.666666666668
Jayanagar,1036.0,2.0,110.0,2,10617.760617760618
Bannerghatta Road,1460.0,2.0,75.0,3,5136.986301369863
Devarachikkanahalli,1230.0,2.0,58.0,2,4715.447154471544
Kanakpura Road,1340.0,2.0,60.0,2,4477.611940298508
Yelenahalli,1600.0,3.0,61.37,3,3835.625
Hegde Nagar,2162.0,3.0,200.0,3,9250.693802035152
Electronic City,919.0,2.0,40.0,2,4352.557127312296
4th Phase JP Nagar,1070.0,2.0,38.9,2,3635.5140186915887
Hosur Road,1733.0,2.0,85.0,3,4904.789382573572
Jigani,1221.0,3.0,72.0,3,5896.805896805897
kanakapura main road,1041.0,2.0,36.44,2,3500.480307396734
Ambalipura,2550.0,4.0,149.0,4,5843.137254901961
Shampura,1400.0,3.0,70.0,3,5000.0
Anjanapura,600.0,2.0,55.0,1,9166.666666666666
Nagarbhavi,710.0,2.0,40.0,1,5633.802816901409
Electronic City,1500.0,2.0,78.25,3,5216.666666666667
Thigalarapalya,3122.0,6.0,237.0,4,7591.287636130685
Akshaya Nagar,2061.0,3.0,175.0,3,8491.02377486657
Brookefield,2400.0,5.0,325.0,5,13541.666666666666
Hebbal,1255.0,2.0,95.0,3,7569.721115537848
Malleshwaram,2425.0,7.0,140.0,7,5773.19587628866
Electronic City Phase II,1031.0,2.0,55.0,2,5334.62657613967
Balagere,1210.0,2.0,74.0,2,6115.702479338843
Anjanapura,950.0,2.0,40.0,2,4210.526315789473
Nagaraja Garden,1376.0,4.0,156.0,4,11337.209302325582
Hosa Road,1161.0,2.0,55.15,2,4750.215331610681
Raja Rajeshwari Nagar,1303.0,2.0,44.17,2,3389.869531849578
Thigalarapalya,1418.0,2.0,105.0,2,7404.795486600846
Kengeri Satellite Town,1200.0,2.0,65.0,2,5416.666666666667
Basavangudi,1825.0,3.0,175.0,3,9589.04109589041
Bannerghatta Road,1015.0,2.0,48.0,2,4729.064039408867
Mathikere,1150.0,2.0,60.0,3,5217.391304347826
Singasandra,1010.0,2.0,40.0,2,3960.3960396039606
Reliaable Tranquil Layout,1508.0,3.0,75.0,3,4973.474801061008
7th Phase JP Nagar,1275.0,2.0,87.0,2,6823.529411764706
7th Phase JP Nagar,1460.0,3.0,70.0,3,4794.520547945205
Old Airport Road,946.0,2.0,58.0,2,6131.0782241014795
Vignana Nagar,1110.0,2.0,58.0,2,5225.225225225226
Hennur Road,1832.0,3.0,125.0,3,6823.144104803493
Hebbal,1088.0,2.0,61.45,2,5647.97794117647
Thanisandra,1564.0,3.0,104.0,3,6649.616368286445
Kadugodi,1030.0,2.0,35.02,2,3400.0000000000005
9th Phase JP Nagar,660.0,2.0,27.0,2,4090.909090909091
Sarjapur  Road,1700.0,3.0,95.0,3,5588.235294117647
BTM 1st Stage,1100.0,5.0,121.0,4,11000.0
Panathur,1205.0,2.0,62.9,2,5219.9170124481325
Lottegolla Halli,1950.0,3.0,90.0,3,4615.384615384615
Devanahalli Int. Airport,1080.0,2.0,62.0,2,5740.740740740741
Ardendale,2800.0,4.0,140.0,4,5000.0
Mailasandra,999.0,2.0,43.66,2,4370.37037037037
Basvasamithi Layout Vidyaranyapura,900.0,4.0,175.0,4,19444.444444444445
Kanakpura Road,1300.0,2.0,89.76,2,6904.615384615385
HRBR Layout,1265.0,2.0,78.0,2,6166.00790513834
Attibele,1200.0,2.0,42.0,2,3500.0
Bhoganhalli,1974.0,4.0,106.0,4,5369.807497467072
Chelekare,1180.0,2.0,40.0,2,3389.830508474576
Amruthahalli,1350.0,2.0,63.0,3,4666.666666666667
Kodichikkanahalli,1560.0,2.0,65.0,3,4166.666666666667
8th Block Jayanagar,2800.0,2.0,650.0,2,23214.285714285714
Hosakerehalli,1085.0,2.0,41.23,2,3799.9999999999995
Vijayanagar,1300.0,2.0,75.0,3,5769.2307692307695
Marathahalli,1600.0,3.0,56.0,3,3500.0
Atmananda Colony,1127.0,2.0,55.0,2,4880.212954747116
Kengeri Satellite Town,795.0,2.0,32.0,2,4025.1572327044023
Nagarbhavi,1850.0,3.0,88.0,3,4756.756756756757
Bommasandra Industrial Area,1020.0,2.0,29.45,2,2887.2549019607845
Doopanahalli,1475.0,2.0,200.0,3,13559.322033898305
Baba Nagar,1200.0,3.0,96.25,3,8020.833333333333
Uttarahalli,1345.0,2.0,47.0,3,3494.4237918215613
Kaikondrahalli,849.0,2.0,25.4,2,2991.7550058892816
Kanakpura Road,1706.0,3.0,135.0,3,7913.24736225088
Yelahanka,2100.0,4.0,180.0,4,8571.42857142857
Nagadevanahalli,1250.0,2.0,65.0,3,5200.0
Kanakpura Road,1260.0,3.0,63.58,3,5046.0317460317465
Horamavu Agara,1265.0,2.0,65.0,3,5138.339920948617
Abbigere,1260.0,2.0,45.0,3,3571.4285714285716
Jalahalli,1045.0,2.0,58.0,2,5550.239234449761
Hebbal Kempapura,3895.0,4.0,495.0,4,12708.600770218229
 Rachenahalli,412.5,1.0,19.8,1,4800.0
Bellandur,1100.0,2.0,62.0,2,5636.363636363636
Kudlu Gate,1113.0,2.0,50.0,2,4492.36298292902
Old Airport Road,2774.0,4.0,208.0,4,7498.197548666186
Varthur,1210.0,2.0,60.0,2,4958.677685950413
Kogilu,700.0,1.0,30.84,1,4405.714285714285
Kanakpura Road,1155.0,2.0,55.5,2,4805.194805194805
Hoodi,1132.0,2.0,89.0,2,7862.190812720848
Hennur Road,1359.0,2.0,104.0,2,7652.685798381162
Byatarayanapura,2631.0,3.0,200.0,4,7601.672367920943
Kothanur,1145.0,2.0,56.0,2,4890.829694323144
5th Phase JP Nagar,600.0,1.0,30.0,1,5000.0
Laggere,1200.0,1.0,125.0,1,10416.666666666666
Mahalakshmi Puram,830.0,2.0,60.0,2,7228.915662650603
HSR Layout,1009.0,2.0,56.0,2,5550.049554013875
Basavangudi,1800.0,3.0,195.0,3,10833.333333333334
Yelahanka,1226.0,2.0,52.71,2,4299.347471451876
Badrappa Layout,1500.0,2.0,88.0,2,5866.666666666667
Electronic City,1363.0,2.0,79.0,2,5796.038151137197
Poorna Pragna Layout,1400.0,2.0,240.0,3,17142.85714285714
Bommasandra Industrial Area,1165.0,2.0,33.64,2,2887.5536480686696
HSR Layout,2792.0,4.0,220.0,4,7879.656160458453
Kammanahalli,700.0,1.0,59.0,1,8428.57142857143
Kaval Byrasandra,1060.0,2.0,42.0,2,3962.264150943396
Marathahalli,1200.0,2.0,67.0,2,5583.333333333333
"Off Sarjapur Road, ",1518.0,3.0,76.0,3,5006.587615283267
Nagappa Reddy Layout,1495.0,2.0,75.0,3,5016.722408026756
Sanjay nagar,1575.0,2.0,90.0,2,5714.285714285715
Rajaji Nagar,1440.0,2.0,170.0,2,11805.555555555555
Kasavanhalli,1545.0,3.0,69.0,3,4466.019417475728
Kengeri,1470.0,3.0,50.0,3,3401.360544217687
Cooke Town,1500.0,3.0,95.0,3,6333.333333333333
BTM Layout,1450.0,2.0,81.0,3,5586.206896551724
Hosur Road,1179.0,2.0,49.0,2,4156.064461407973
7th Phase JP Nagar,1650.0,3.0,110.0,3,6666.666666666667
Chandapura,1095.0,2.0,32.0,3,2922.3744292237443
Lal Bahadur Shastri Nagar,856.0,2.0,48.0,2,5607.476635514019
Naganathapura,1143.0,2.0,62.0,2,5424.321959755031
Hebbal,1349.0,2.0,97.8,2,7249.814677538918
Anjanapura,1280.0,2.0,45.0,3,3515.625
Malleshwaram,480.0,1.0,60.0,1,12500.0
Whitefield,1216.0,2.0,69.06,2,5679.276315789473
Doddakallasandra,2493.0,3.0,115.0,3,4612.916165262735
Malleshwaram,1290.0,2.0,120.0,2,9302.32558139535
Banjara Layout,1200.0,5.0,96.0,5,8000.0
Electronic City,1156.0,2.0,42.0,2,3633.2179930795846
Thanisandra,1230.0,2.0,44.0,2,3577.2357723577234
Volagerekallahalli,1070.0,2.0,33.15,2,3098.1308411214955
Ramagondanahalli,1235.0,2.0,49.3,2,3991.902834008097
6th block Koramangala,1117.0,2.0,110.0,2,9847.806624888093
Kundalahalli,1724.0,3.0,124.0,3,7192.5754060324825
Jalahalli,1200.0,4.0,90.0,4,7500.0
Venkatadri Layout,600.0,1.0,43.0,1,7166.666666666667
KR Puram,1930.0,2.0,57.9,3,3000.0
Whitefield,1216.0,2.0,75.0,2,6167.763157894737
KR Puram,1452.0,3.0,60.0,3,4132.231404958678
Whitefield,1355.0,2.0,78.0,2,5756.457564575646
HMT Layout,7500.0,4.0,425.0,4,5666.666666666667
Sarjapur  Road,2145.0,3.0,190.0,3,8857.808857808857
Bommanahalli,957.0,2.0,53.0,2,5538.1400208986415
Shantiniketan Layout,925.0,2.0,48.0,2,5189.189189189189
Bellandur,1550.0,2.0,59.0,2,3806.451612903226
Yelahanka New Town,4000.0,2.0,899.0,4,22475.0
Kanakpura Road,2100.0,3.0,140.0,3,6666.666666666667
Bannerghatta Road,1115.0,2.0,61.0,2,5470.85201793722
Yelahanka,1692.0,3.0,83.0,3,4905.437352245863
Baba Nagar,1100.0,2.0,52.0,2,4727.272727272727
Hormavu,1385.0,2.0,69.0,3,4981.949458483755
Hosa Road,760.0,1.0,24.9,1,3276.315789473684
Electronics City Phase 1,1335.0,2.0,67.0,2,5018.7265917603
Bommanahalli,910.0,2.0,45.0,2,4945.054945054945
Kanakpura Road,1610.0,2.0,55.0,3,3416.1490683229813
Hennur Road,1341.0,2.0,75.76,2,5649.515287099181
Kurubarahalli,1200.0,3.0,70.0,3,5833.333333333333
Uttarahalli,1285.0,2.0,44.98,3,3500.3891050583657
HAL 2nd Stage,2100.0,3.0,252.0,3,12000.0
Yeshwanthpur,1679.0,3.0,92.13,3,5487.194758784991
Puttappa Layout,2675.0,4.0,290.0,4,10841.121495327103
"Ananthanagar Phase 1,Electronic City , phase 2",1016.0,2.0,45.9,2,4517.716535433071
Banashankari Stage II,1500.0,2.0,650.0,4,43333.333333333336
Palace Guttahalli,660.0,2.0,100.0,3,15151.515151515152
Rajaji Nagar,2448.0,3.0,400.0,3,16339.869281045752
Bellandur,924.0,2.0,35.11,2,3799.78354978355
8th Phase JP Nagar,500.0,1.0,31.0,1,6200.0
Ngef Layout,1800.0,3.0,88.0,3,4888.888888888889
Whitefield,1255.0,2.0,77.0,2,6135.4581673306775
Hennur Road,1040.0,2.0,50.0,2,4807.692307692308
Kattigenahalli,1062.0,2.0,47.0,2,4425.612052730697
Varthur Road,805.5,2.0,19.33,2,2399.7517070142767
Hosur Road,950.0,2.0,60.0,2,6315.789473684211
Whitefield,1216.0,2.0,73.0,2,6003.289473684211
HSR Layout,1300.0,2.0,98.0,2,7538.461538461538
5th Phase JP Nagar,1390.0,2.0,65.0,2,4676.258992805755
Yelahanka,1033.0,2.0,52.58,2,5090.0290416263315
Yelahanka,1390.0,2.0,65.31,2,4698.561151079137
Jalahalli,1020.0,2.0,52.0,2,5098.0392156862745
Whitefield,709.0,1.0,34.735,1,4899.153737658674
Whitefield,1140.0,2.0,45.0,2,3947.3684210526317
Yeshwanthpur,670.0,1.0,36.85,1,5500.0
Bhoganhalli,2171.0,4.0,111.0,4,5112.851220635652
Bannerghatta Road,1136.0,2.0,48.0,2,4225.352112676056
Doddakannelli,1477.0,2.0,80.0,3,5416.384563303995
KR Puram,1001.0,2.0,30.0,2,2997.002997002997
Yelahanka,1040.0,2.0,48.86,2,4698.076923076923
Garudachar Palya,1060.0,2.0,48.5,2,4575.471698113208
Sarjapur,1240.0,2.0,44.3,2,3572.5806451612902
Byadarahalli,3500.0,5.0,450.0,4,12857.142857142857
Doddabommasandra,42000.0,8.0,175.0,9,416.6666666666667
Varthur,1070.0,2.0,46.0,2,4299.065420560748
Electronic City Phase II,1253.0,2.0,65.8,2,5251.3966480446925
Whitefield,1190.0,2.0,60.0,2,5042.016806722689
Whitefield,1312.0,2.0,55.0,2,4192.073170731707
KR Puram,750.0,2.0,40.0,2,5333.333333333333
Koramangala,1615.0,3.0,115.0,3,7120.743034055728
Marathahalli,1095.0,2.0,60.0,2,5479.45205479452
Whitefield,1745.0,3.0,100.0,3,5730.659025787965
Rachenahalli,1050.0,2.0,52.5,2,5000.0
4th T block Jayanagar,2080.0,4.0,440.0,4,21153.846153846152
Thanisandra,1220.0,2.0,44.6,2,3655.7377049180327
Kempegowda Nagar,1793.0,3.0,98.0,3,5465.699944227552
Uttarahalli,1100.0,1.0,45.0,2,4090.909090909091
Yelahanka New Town,1385.0,2.0,65.0,2,4693.140794223827
Begur Road,1200.0,2.0,45.0,2,3750.0
Haralur Road,2017.0,2.0,125.0,3,6197.322756569162
Attibele,400.0,1.0,10.0,1,2500.0
Bellandur,1400.0,2.0,44.81,3,3200.714285714286
Bethel Nagar,960.0,2.0,33.0,2,3437.5
Uttarahalli,1125.0,2.0,47.0,2,4177.777777777777
Akshaya Nagar,1551.0,2.0,60.0,3,3868.4719535783365
BTM Layout,600.0,4.0,122.0,4,20333.333333333332
Vittasandra,1246.0,2.0,67.4,2,5409.309791332264
Whitefield,3200.0,4.0,224.0,4,7000.0
Marathahalli,1060.0,2.0,48.0,2,4528.301886792453
Bharathi Nagar,1384.0,2.0,59.0,2,4263.005780346821
Byagadadhenahalli,620.0,2.0,23.0,2,3709.6774193548385
Bommasandra,1005.0,2.0,39.77,2,3957.213930348259
Sarakki Nagar,1200.0,3.0,128.0,3,10666.666666666666
Kirloskar Layout,1400.0,3.0,35.0,3,2500.0
HSR Layout,2400.0,3.0,88.0,3,3666.6666666666665
Whitefield,1096.0,2.0,39.0,2,3558.394160583942
Kaggadasapura,1180.0,1.0,50.0,2,4237.28813559322
Uttarahalli,1300.0,2.0,47.0,3,3615.3846153846152
tc.palya,1020.0,2.0,62.0,2,6078.431372549019
Margondanahalli,600.0,2.0,35.0,2,5833.333333333333
Dollar Scheme Colony,3563.0,6.0,310.0,4,8700.533258490037
Konanakunte Cross,1165.0,2.0,47.0,2,4034.3347639484978
Bellandur,1685.0,3.0,100.0,3,5934.718100890208
Raja Rajeshwari Nagar,1580.0,3.0,53.56,3,3389.8734177215188
Balagere,1210.0,2.0,83.0,2,6859.504132231405
Kammasandra,1030.0,1.0,25.75,2,2500.0
Nagappa Reddy Layout,1100.0,2.0,43.5,2,3954.5454545454545
Hebbal,1255.0,3.0,77.68,3,6189.641434262949
Jakkur,1482.0,3.0,86.0,3,5802.968960863698
Hebbal,1344.0,2.0,108.0,2,8035.714285714285
Kothannur,1275.0,2.0,39.8,3,3121.56862745098
Vidyaranyapura,462.0,3.0,38.0,3,8225.108225108224
Omarbagh Layout,3300.0,5.0,318.0,4,9636.363636363636
Panathur,1210.0,2.0,85.0,2,7024.793388429752
Hebbal,1320.0,3.0,226.0,3,17121.21212121212
Hosa Road,1532.0,3.0,98.13,3,6405.352480417754
JP Nagar,1245.0,2.0,110.0,2,8835.341365461847
Nagarbhavi,1212.0,2.0,50.0,2,4125.412541254125
Sarjapur  Road,1230.0,2.0,65.0,2,5284.552845528456
Indira Nagar,1000.0,5.0,180.0,5,18000.0
Ramagondanahalli,2257.0,3.0,159.0,3,7044.749667700487
Vittasandra,1246.0,2.0,65.4,2,5248.796147672553
Gunjur,1080.0,2.0,41.0,2,3796.296296296296
Varthur,1360.0,2.0,85.0,3,6250.0
Yelenahalli,1260.0,2.0,47.88,2,3800.0
Kengeri Satellite Town,1200.0,3.0,110.0,4,9166.666666666666
Thigalarapalya,1418.0,2.0,104.0,2,7334.273624823695
anjananager magdi road,1200.0,3.0,165.0,3,13750.0
Kasavanhalli,950.0,2.0,39.0,2,4105.263157894737
Nagarbhavi,1020.0,2.0,55.0,2,5392.156862745098
Electronic City Phase II,1400.0,2.0,40.44,3,2888.5714285714284
Kodipalya,1440.0,4.0,88.0,4,6111.111111111111
Huskur,800.0,6.0,75.0,6,9375.0
Electronics City Phase 1,1175.0,2.0,69.0,2,5872.340425531915
Raja Rajeshwari Nagar,1185.0,2.0,40.17,2,3389.8734177215188
Aishwarya Crystal Layout,2250.0,3.0,113.0,3,5022.222222222223
Sarjapur  Road,1178.0,2.0,40.43,2,3432.088285229202
Ulsoor,36000.0,4.0,450.0,4,1250.0
Whitefield,825.0,1.0,44.9,1,5442.424242424242
Madiwala,1250.0,3.0,43.0,3,3440.0
Electronics City Phase 1,1113.12,2.0,55.0,2,4941.066551674573
2nd Block Jayanagar,1718.0,3.0,223.0,3,12980.209545983702
Gottigere,1010.0,2.0,35.0,2,3465.3465346534654
Kanakpura Road,900.0,2.0,41.0,2,4555.555555555556
Syndicate Bank Colony,1500.0,4.0,240.0,4,16000.0
Rayasandra,540.0,1.0,16.5,1,3055.5555555555557
Electronic City,1020.0,2.0,29.46,2,2888.235294117647
Hosur Road,1194.0,2.0,71.64,2,6000.0
Vijayanagar,1470.0,6.0,300.0,8,20408.163265306124
2nd Stage Nagarbhavi,600.0,4.0,100.0,3,16666.666666666668
Electronic City,1108.0,2.0,67.15,2,6060.469314079423
Hebbal,3895.0,2.0,451.0,4,11578.947368421053
Kanakpura Road,700.0,2.0,34.99,2,4998.571428571428
Somasundara Palya,1600.0,3.0,68.0,3,4250.0
Nagarbhavi,1850.0,3.0,90.0,3,4864.864864864865
Tumkur Road,1250.0,2.0,33.0,2,2640.0
Ramamurthy Nagar,600.0,1.0,43.0,1,7166.666666666667
Raja Rajeshwari Nagar,1140.0,2.0,49.27,2,4321.929824561404
CQAL Layout,1200.0,2.0,75.0,3,6250.0
Nayandanahalli,985.0,2.0,55.0,2,5583.756345177665
Bellandur,982.0,2.0,55.0,2,5600.814663951121
9th Phase JP Nagar,600.0,1.0,20.0,1,3333.3333333333335
Old Madras Road,2640.0,5.0,142.0,3,5378.787878787879
Akshaya Nagar,1314.0,2.0,68.8,2,5235.920852359209
Vijaya Bank Layout,1700.0,2.0,68.5,3,4029.4117647058824
1st Phase JP Nagar,1077.0,2.0,93.0,2,8635.097493036212
Varanasi,2000.0,4.0,99.0,5,4950.0
DUO Layout,1643.0,3.0,75.0,3,4564.820450395618
Kengeri,1200.0,3.0,67.0,3,5583.333333333333
Whitefield,1116.0,2.0,51.91,2,4651.433691756272
Abbigere,1020.0,2.0,41.82,2,4100.0
Vittasandra,621.0,7.0,64.0,7,10305.958132045089
Daadys Gaarden Layout,1740.0,3.0,55.0,3,3160.919540229885
GM Palaya,1225.0,2.0,47.0,2,3836.734693877551
Thanisandra,1241.0,2.0,61.0,3,4915.390813859791
Hennur,1041.0,2.0,40.6,2,3900.0960614793466
Bommanahalli,1050.0,2.0,46.0,2,4380.952380952381
Srinivas Colony,4400.0,3.0,901.0,3,20477.272727272728
Kanakpura Road,1309.0,2.0,64.39,2,4919.022154316272
Dodda Nekkundi,1128.0,2.0,45.0,2,3989.3617021276596
Raja Rajeshwari Nagar,1430.0,2.0,50.0,3,3496.5034965034965
Old Madras Road,1065.0,2.0,47.86,2,4493.896713615023
OMBR Layout,1085.0,2.0,64.0,2,5898.617511520737
Vishveshwarya Layout,750.0,1.0,30.0,1,4000.0
Bellandur,981.0,2.0,37.28,2,3800.2038735983692
Bhoganhalli,1548.3,4.0,129.0,4,8331.71865917458
Hebbal Kempapura,2302.0,4.0,300.0,4,13032.145960034752
Kalyan nagar,1410.0,2.0,60.0,3,4255.31914893617
Hosa Road,1525.84,3.0,117.0,3,7667.90751323861
Begur Road,1200.0,2.0,42.6,2,3550.0
Sampangi Rama Nagar,1030.0,2.0,80.0,2,7766.9902912621355
BTM 1st Stage,1852.0,2.0,95.0,3,5129.589632829374
Electronic City,1160.0,2.0,33.5,2,2887.9310344827586
Jigani,918.0,2.0,49.0,2,5337.690631808279
Hebbal,1255.0,2.0,90.0,3,7171.314741035857
HRBR Layout,1200.0,6.0,250.0,6,20833.333333333332
JP Nagar,1150.0,2.0,49.9,3,4339.130434782609
Indira Nagar,2700.0,3.0,324.0,3,12000.0
Moodalapalya,1150.0,2.0,69.0,2,6000.0
Whitefield,1227.0,2.0,53.49,2,4359.413202933985
Hebbal,1255.0,3.0,77.68,3,6189.641434262949
Moodalapalya,840.0,8.0,120.0,6,14285.714285714286
Panathur,1198.0,2.0,82.0,2,6844.741235392321
 Devarachikkanahalli,1200.0,3.0,160.0,3,13333.333333333334
Nelamangala,2600.0,3.0,95.0,4,3653.846153846154
Thigalarapalya,2072.0,4.0,139.0,3,6708.494208494209
Pattandur Agrahara,797.0,2.0,32.0,2,4015.056461731493
Nayandanahalli,1350.0,2.0,68.0,3,5037.037037037037
Sahakara Nagar,2500.0,4.0,200.0,4,8000.0
Thigalarapalya,2215.0,4.0,160.0,3,7223.476297968397
Kanakpura Road,525.0,1.0,30.0,1,5714.285714285715
Bannerghatta Road,2700.0,4.0,260.0,4,9629.62962962963
Gokaula Extension,1500.0,2.0,90.0,3,6000.0
Subash Nagar,900.0,2.0,55.0,2,6111.111111111111
Poorna Pragna Layout,1355.0,2.0,58.27,3,4300.369003690037
Kudlu Gate,1465.0,2.0,49.81,3,3400.0
Ramamurthy Nagar,1006.0,2.0,57.0,2,5666.003976143141
Vishveshwarya Layout,2000.0,4.0,75.0,4,3750.0
Electronic City,1128.0,2.0,65.7,2,5824.468085106383
Pattanagere,850.0,2.0,35.0,2,4117.64705882353
ISRO Layout,1310.0,2.0,68.0,3,5190.839694656489
Banashankari,1390.0,2.0,86.0,2,6187.050359712231
Kathriguppe,1390.0,2.0,76.45,3,5500.0
Marathahalli,2396.0,4.0,325.0,4,13564.273789649416
Electronic City,1170.0,2.0,33.0,2,2820.5128205128203
Gottigere,1385.0,2.0,50.0,3,3610.1083032490974
Old Madras Road,1160.0,2.0,42.0,2,3620.689655172414
Electronic City Phase II,1160.0,2.0,33.5,2,2887.9310344827586
Bannerghatta Road,1200.0,2.0,69.0,3,5750.0
Mahadevpura,1475.0,2.0,55.0,2,3728.813559322034
Sarjapur  Road,1939.0,3.0,98.0,3,5054.151624548736
7th Phase JP Nagar,850.0,2.0,42.0,2,4941.176470588235
Balagere,675.0,1.0,45.0,1,6666.666666666667
Electronic City,1060.0,2.0,51.0,2,4811.320754716981
Whitefield,1235.0,2.0,47.0,2,3805.668016194332
RTO ullalu,600.0,4.0,110.0,2,18333.333333333332
Austin Town,1250.0,2.0,60.0,2,4800.0
Banashankari,1460.0,2.0,70.0,2,4794.520547945205
Akshaya Nagar,1690.0,3.0,85.0,3,5029.585798816568
Indira Nagar,850.0,1.0,57.0,1,6705.882352941177
Kanakpura Road,1843.0,3.0,82.0,3,4449.267498643516
7th Phase JP Nagar,1680.0,3.0,117.0,3,6964.285714285715
Kundalahalli,1047.0,2.0,84.0,2,8022.9226361031515
8th Phase JP Nagar,1100.0,2.0,35.0,2,3181.818181818182
Indira Nagar,3250.0,8.0,600.0,8,18461.53846153846
Nagarbhavi,1120.0,2.0,53.0,2,4732.142857142857
Raja Rajeshwari Nagar,1095.0,2.0,38.33,2,3500.4566210045664
Carmelaram,970.0,2.0,35.0,2,3608.2474226804125
Bommanahalli,1200.0,7.0,125.0,5,10416.666666666666
Hosa Road,1100.0,2.0,85.0,3,7727.272727272727
Uttarahalli,1685.0,3.0,85.0,3,5044.510385756676
Doddanekundi,1148.0,2.0,59.0,2,5139.3728222996515
Marathahalli,1050.0,2.0,65.0,2,6190.476190476191
Bannerghatta Road,1465.0,2.0,76.0,3,5187.713310580205
Kothanur,3401.0,5.0,230.0,4,6762.7168479858865
Electronic City,630.0,1.0,60.0,1,9523.809523809523
7th Phase JP Nagar,1850.0,3.0,150.0,3,8108.108108108108
Vidyaranyapura,1200.0,9.0,175.0,9,14583.333333333334
Cottonpet,1750.0,2.0,225.0,4,12857.142857142857
Shikaripalya,1350.0,3.0,60.0,3,4444.444444444444
Sector 7 HSR Layout,1760.0,3.0,160.0,3,9090.90909090909
Rajaji Nagar,1440.0,2.0,185.0,2,12847.222222222223
Banashankari Stage III,1200.0,2.0,42.0,2,3500.0
Hennur Bande,1100.0,2.0,78.0,2,7090.909090909091
Kaggadasapura,1140.0,2.0,46.0,2,4035.0877192982457
Hormavu,1617.5,3.0,73.595,3,4549.922720247295
Gottigere,1410.0,2.0,45.0,2,3191.4893617021276
Mahadevpura,1434.0,2.0,67.39,3,4699.442119944212
"ravindra nagar, T.dasarahalli peenya",1180.0,2.0,74.0,2,6271.186440677966
Begur Road,1160.0,2.0,42.0,2,3620.689655172414
EPIP Zone,1343.0,2.0,86.0,2,6403.574087862993
LB Shastri Nagar,1184.0,2.0,69.0,2,5827.7027027027025
Koramangala,2246.0,3.0,300.0,3,13357.079252003561
Rajankunte,4510.0,4.0,200.0,3,4434.589800443459
Banashankari Stage III,1305.0,2.0,59.0,3,4521.072796934866
Sarjapur  Road,3785.0,5.0,280.0,4,7397.622192866578
1st Block BEL Layout,1540.0,3.0,85.0,3,5519.480519480519
Kanakpura Road,1550.0,3.0,65.11,3,4200.645161290323
Yelahanka,1345.0,2.0,57.0,3,4237.918215613383
Electronic City Phase II,975.0,2.0,45.0,3,4615.384615384615
HSR Layout,1140.0,2.0,46.0,2,4035.0877192982457
JP Nagar,1152.0,2.0,34.56,2,3000.0
Old Airport Road,3200.0,4.0,700.0,4,21875.0
Kodathi,1033.0,2.0,31.5,3,3049.3707647628266
Richards Town,1800.0,3.0,230.0,3,12777.777777777777
Marathahalli,1102.0,2.0,53.67,2,4870.235934664247
Subramanyapura,1223.0,2.0,42.81,3,3500.408830744072
Kadugodi,1762.0,3.0,112.0,3,6356.413166855846
Kengeri Satellite Town,560.0,2.0,16.6,2,2964.2857142857147
KR Puram,2000.0,6.0,85.0,6,4250.0
Electronic City,1410.0,2.0,38.0,3,2695.0354609929077
Thanisandra,1853.0,3.0,64.86,3,3500.2698327037238
Kothanur,1455.0,2.0,69.0,2,4742.268041237114
Hebbal,1138.0,2.0,110.0,2,9666.080843585238
Sarjapur  Road,2556.0,3.0,169.0,3,6611.89358372457
TC Palaya,1200.0,2.0,66.5,3,5541.666666666667
Anantapura,1200.0,2.0,37.0,2,3083.3333333333335
Anekal,1200.0,1.0,36.0,2,3000.0
Whitefield,1870.0,3.0,138.0,3,7379.679144385027
Panathur,1199.0,2.0,86.0,2,7172.643869891576
Prakruthi Township,800.0,8.0,150.0,6,18750.0
Doddakallasandra,1360.0,2.0,54.4,3,4000.0
Babusapalaya,1230.0,3.0,53.0,3,4308.943089430894
Hosahalli Extension,2000.0,3.0,120.0,3,6000.0
Kasturi Nagar,1200.0,4.0,250.0,4,20833.333333333332
Kundalahalli,1047.0,2.0,83.0,2,7927.411652340019
Electronic City Phase II,6000.0,4.0,260.0,4,4333.333333333333
Ramamurthy Nagar,1200.0,2.0,76.0,2,6333.333333333333
Kengeri Satellite Town,1302.5,2.0,44.285,2,3400.0
Kengeri,725.0,2.0,30.0,2,4137.931034482759
Jakkur,1645.0,3.0,100.0,3,6079.0273556231
Sultan Palaya,870.0,2.0,65.0,2,7471.264367816092
Marathahalli,1026.0,2.0,49.95,2,4868.421052631579
Bennigana Halli,2000.0,3.0,145.0,3,7250.0
Cooke Town,1710.0,2.0,200.0,2,11695.906432748538
Hosur Road,1766.0,3.0,130.0,3,7361.268403171008
Makali,500.0,1.0,15.0,1,3000.0
JP Nagar,1100.0,1.0,15.0,2,1363.6363636363637
Jigani,1221.0,3.0,52.0,3,4258.804258804259
Rachenahalli,680.0,1.0,46.0,1,6764.705882352941
Sarjapur  Road,1278.0,2.0,90.0,2,7042.2535211267605
Kodichikkanahalli,1025.0,2.0,66.0,2,6439.024390243902
Whitefield,1175.0,2.0,39.0,2,3319.148936170213
Sarjapur  Road,975.0,2.0,28.275,2,2900.0
6th Phase JP Nagar,600.0,1.0,75.0,1,12500.0
Seethappa Layout,850.0,2.0,42.0,2,4941.176470588235
Anjanapura,710.0,2.0,25.0,2,3521.1267605633802
Huskur,1165.0,2.0,33.64,2,2887.5536480686696
Sarjapur,625.0,1.0,19.0,1,3040.0
Kaggadasapura,1340.0,3.0,66.0,3,4925.373134328358
Ananth Nagar,937.0,2.0,35.0,2,3735.325506937033
Lakkasandra,1500.0,6.0,210.0,7,14000.0
JP Nagar,750.0,1.0,52.5,1,7000.0
Shampura,1475.0,3.0,78.0,3,5288.135593220339
Singapura Village,2230.0,4.0,130.0,4,5829.596412556054
Jnanabharathi Layout,2200.0,5.0,100.0,4,4545.454545454545
Mysore Road,900.0,2.0,65.0,2,7222.222222222223
Electronic City Phase II,1116.0,2.0,37.0,2,3315.4121863799282
Hoodi,948.0,2.0,75.0,2,7911.392405063291
R.T. Nagar,970.0,2.0,55.0,2,5670.103092783505
Akshayanagara East,1519.0,3.0,67.23,3,4425.938117182357
Thanisandra,1200.0,2.0,65.0,3,5416.666666666667
Bhoganhalli,1760.0,3.0,127.0,3,7215.909090909091
Whitefield,4400.0,5.0,525.0,4,11931.818181818182
Sahakara Nagar,1914.0,3.0,179.0,3,9352.142110762801
Budigere,1820.0,3.0,85.5,3,4697.802197802198
Budigere,1820.0,3.0,93.0,3,5109.89010989011
Kalena Agrahara,1565.0,3.0,78.0,3,4984.025559105431
Begur Road,1334.0,2.0,42.69,2,3200.1499250374814
Sarakki Nagar,924.0,2.0,76.23,2,8250.0
Jigani,914.0,2.0,49.0,2,5361.050328227571
Kengeri,500.0,1.0,17.0,1,3400.0
Yelahanka,2145.0,3.0,125.0,3,5827.505827505827
Yelahanka,1200.0,5.0,162.0,5,13500.0
Electronic City,1650.0,3.0,100.0,3,6060.606060606061
Marathahalli,3940.0,4.0,220.0,4,5583.756345177665
Electronic City,1020.0,2.0,29.45,2,2887.2549019607845
Basaveshwara Nagar,1180.0,2.0,58.0,2,4915.254237288135
Ulsoor,1255.0,2.0,120.0,2,9561.752988047809
Langford Gardens,2777.29,5.0,650.0,3,23404.10976167415
Bommasandra,1014.0,2.0,35.0,2,3451.6765285996057
Shampura,920.0,2.0,90.0,4,9782.608695652174
Attibele,695.0,1.0,25.0,2,3597.122302158273
Prithvi Layout,2273.0,4.0,220.0,3,9678.838539375274
GM Palaya,1140.0,2.0,48.95,2,4293.859649122807
Giri Nagar,3000.0,4.0,375.0,6,12500.0
Whitefield,1180.0,2.0,41.0,2,3474.576271186441
Begur Road,2400.0,4.0,152.0,4,6333.333333333333
Attibele,850.0,1.0,25.0,2,2941.176470588235
Banashankari,1200.0,2.0,60.0,2,5000.0
"Bellandur, ",3160.0,4.0,206.0,4,6518.987341772152
Hoodi,1769.0,3.0,96.87,3,5475.975127190503
Bhoganhalli,1554.3,4.0,131.0,4,8428.231358167664
Haralur Road,1243.0,2.0,46.0,2,3700.7240547063557
2nd Block Jayanagar,4920.0,5.0,1150.0,4,23373.983739837397
Mallasandra,905.0,2.0,40.0,2,4419.889502762431
Kothanur,627.0,1.0,30.0,1,4784.688995215311
Domlur,2180.0,3.0,285.0,3,13073.394495412844
Frazer Town,2400.0,3.0,260.0,3,10833.333333333334
Marathahalli,1435.0,3.0,73.0,3,5087.1080139372825
Jakkur,3405.1,6.0,400.0,4,11747.085254471234
Kodihalli,1620.0,3.0,130.0,3,8024.691358024691
Whitefield,1862.0,3.0,125.0,3,6713.211600429646
Kaikondrahalli,674.0,1.0,19.9,2,2952.522255192878
Marathahalli,1220.0,2.0,59.0,2,4836.065573770492
Haralur Road,1027.0,2.0,44.0,2,4284.323271665044
Electronic City,1025.0,2.0,49.0,2,4780.487804878048
Thanisandra,1430.0,2.0,54.5,3,3811.188811188811
Panathur,1235.0,2.0,65.0,2,5263.1578947368425
Electronics City Phase 1,1291.0,2.0,32.0,3,2478.6986831913246
Kanakpura Road,1498.0,3.0,95.0,3,6341.789052069425
Sarjapur  Road,2180.0,3.0,240.0,3,11009.174311926605
Electronic City,1000.0,2.0,29.7,2,2970.0
Ejipura,922.0,2.0,70.0,2,7592.190889370932
Victoria Layout,850.0,2.0,72.0,2,8470.588235294117
New Thippasandra,750.0,3.0,155.0,3,20666.666666666668
AECS Layout,1123.0,2.0,64.0,2,5699.020480854853
Raja Rajeshwari Nagar,1235.0,2.0,75.0,2,6072.8744939271255
Kogilu,1250.0,2.0,55.55,2,4444.0
Whitefield,2403.0,5.0,360.0,4,14981.2734082397
Sarjapur  Road,984.0,2.0,45.91,2,4665.650406504065
Sarjapur  Road,1305.0,2.0,99.0,2,7586.206896551724
Attur Layout,1200.0,1.0,65.0,2,5416.666666666667
1st Block HRBR Layout,600.0,3.0,90.0,3,15000.0
Hebbal,2790.0,5.0,204.0,4,7311.8279569892475
Old Madras Road,2010.0,3.0,125.0,4,6218.905472636816
Electronics City Phase 1,995.0,2.0,42.0,2,4221.105527638191
Varthur Road,1277.0,2.0,59.0,2,4620.203602192639
7th Phase JP Nagar,1236.0,2.0,61.33,2,4961.974110032363
Akshaya Nagar,1265.0,2.0,67.0,2,5296.442687747036
Gubbalala,2570.0,4.0,141.0,5,5486.381322957199
Hennur Road,2400.0,5.0,390.0,4,16250.0
Shikaripalya,1442.0,3.0,56.24,3,3900.138696255201
Ardendale,1224.0,2.0,70.0,2,5718.954248366013
Bellandur,1205.0,2.0,59.0,2,4896.265560165975
Richmond Town,1233.0,2.0,100.0,2,8110.300081103001
5th Block Hbr Layout,1312.0,2.0,69.0,2,5259.1463414634145
Electronic City,1449.0,3.0,90.0,3,6211.180124223602
Yelenahalli,1090.0,2.0,54.0,2,4954.128440366972
Kaggadasapura,2100.0,5.0,150.0,5,7142.857142857143
Uttarahalli,1390.0,2.0,62.55,3,4500.0
JP Nagar,1200.0,2.0,78.0,2,6500.0
Mallasandra,600.0,2.0,50.0,4,8333.333333333334
BTM 2nd Stage,1000.0,2.0,58.0,2,5800.0
Devanahalli,2400.0,5.0,190.0,4,7916.666666666667
Thanisandra,1732.0,3.0,85.73,3,4949.769053117783
Banashankari,1290.0,2.0,80.0,2,6201.550387596899
Marasandra,1840.0,3.0,85.0,3,4619.565217391304
Thanisandra,1917.0,4.0,100.0,3,5216.484089723526
Bhuvaneshwari Nagar,1100.0,2.0,57.0,2,5181.818181818182
Kudlu,1455.0,2.0,60.0,3,4123.711340206186
Old Airport Road,2774.0,4.0,208.0,4,7498.197548666186
Haralur Road,1200.0,5.0,255.0,5,21250.0
 Devarachikkanahalli,1425.0,2.0,65.0,3,4561.403508771929
Whitefield,1655.0,3.0,113.0,3,6827.794561933535
Haralur Road,2805.0,5.0,160.0,4,5704.0998217468805
R.T. Nagar,600.0,7.0,93.0,7,15500.0
AGS Layout,1040.0,2.0,46.79,2,4499.038461538462
Akshaya Nagar,1126.0,2.0,55.0,2,4884.547069271758
Kodichikkanahalli,1600.0,4.0,200.0,6,12500.0
Hebbal,1250.0,2.0,55.55,2,4444.0
Yelahanka,1800.0,4.0,180.0,4,10000.0
Kalkere Channasandra,1200.0,2.0,53.0,2,4416.666666666667
Ashirvad Colony,2050.0,3.0,100.0,4,4878.048780487805
Whitefield,530.0,1.0,29.44,1,5554.7169811320755
Sarjapur,2585.5,4.0,139.5,4,5395.4747631019145
Kambipura,883.0,2.0,37.0,2,4190.260475651189
Uttarahalli,1490.0,2.0,59.6,3,4000.0
Ramagondanahalli,1295.0,2.0,95.0,2,7335.907335907336
Sompura,1275.0,3.0,59.0,3,4627.450980392156
Doddabanahalli,800.0,2.0,30.0,2,3750.0
Devanahalli,1200.0,1.0,95.0,1,7916.666666666667
Bellandur,1063.0,2.0,58.0,2,5456.255879586077
Balagere,656.0,1.0,43.0,1,6554.878048780488
Shakthi Nagar,1125.0,2.0,36.0,2,3200.0
Marathahalli,881.0,2.0,48.06,2,5455.16458569807
Nayandanahalli,1350.0,8.0,200.0,9,14814.814814814816
Bisuvanahalli,700.0,1.0,32.0,2,4571.428571428572
AGS Layout,1936.0,3.0,110.0,3,5681.818181818182
Hosa Road,1680.0,3.0,101.0,3,6011.9047619047615
Rayasandra,1253.0,2.0,57.0,2,4549.082202713487
Rajaji Nagar,1640.0,3.0,230.0,3,14024.390243902439
Mysore Road,1082.0,3.0,50.0,3,4621.072088724584
Electronic City,1065.0,2.0,30.75,2,2887.323943661972
Iblur Village,2100.0,4.0,145.0,3,6904.761904761905
Electronic City,1070.0,2.0,58.0,2,5420.560747663551
Raja Rajeshwari Nagar,1280.0,3.0,57.6,3,4500.0
6th block Koramangala,1200.0,5.0,300.0,5,25000.0
Electronic City Phase II,1125.0,2.0,29.25,2,2600.0
Sarjapur  Road,1755.0,3.0,122.0,3,6951.5669515669515
Electronic City,1210.0,2.0,54.0,2,4462.809917355372
Talaghattapura,951.0,2.0,30.43,2,3199.789695057834
Electronic City,1500.0,2.0,75.0,3,5000.0
Coffee Board Layout,1652.5,3.0,90.0,3,5446.293494704993
Yeshwanthpur,1381.0,2.0,76.18,3,5516.292541636496
Whitefield,1085.0,2.0,57.0,2,5253.4562211981565
Whitefield,905.0,1.0,50.0,1,5524.861878453039
Hennur Road,1685.0,3.0,95.0,3,5637.982195845697
Somasundara Palya,1200.0,2.0,75.0,2,6250.0
Anandapura,1151.0,2.0,42.9,2,3727.193744569939
Brookefield,3532.0,3.0,170.0,4,4813.137032842582
Kanakpura Road,1665.0,3.0,86.91,3,5219.81981981982
Kengeri Satellite Town,800.0,2.0,40.0,2,5000.0
Chamrajpet,1050.0,2.0,162.0,2,15428.57142857143
Rajiv Nagar,1030.0,2.0,46.5,2,4514.563106796117
Hoodi,1257.0,2.0,71.03,2,5650.755767700875
Whitefield,1600.0,3.0,82.0,3,5125.0
Choodasandra,1465.0,3.0,75.0,3,5119.453924914676
Jakkur,1650.0,3.0,111.0,3,6727.272727272727
Haralur Road,1243.0,2.0,46.0,2,3700.7240547063557
Yelahanka New Town,680.0,1.0,80.0,2,11764.70588235294
Whitefield,1230.0,4.0,80.0,4,6504.065040650406
Koramangala,1300.0,2.0,82.0,2,6307.692307692308
KR Puram,1000.0,2.0,44.5,2,4450.0
Mahadevpura,1146.0,2.0,53.8,2,4694.5898778359515
Hennagara,1200.0,6.0,120.0,6,10000.0
Indira Nagar,2601.0,4.0,312.0,3,11995.386389850059
Vishwanatha Nagenahalli,2159.0,3.0,110.0,3,5094.951366373321
Whitefield,1255.0,2.0,40.0,2,3187.2509960159364
Hebbal Kempapura,1130.0,2.0,60.0,2,5309.734513274337
Padmanabhanagar,1200.0,2.0,60.0,2,5000.0
Sarjapur  Road,1040.0,2.0,37.0,2,3557.6923076923076
TC Palaya,1500.0,8.0,150.0,8,10000.0
Byrathi Village,906.0,3.0,55.0,4,6070.640176600442
Uttarahalli,1180.0,2.0,41.3,2,3499.9999999999995
Ullal Uppanagar,1200.0,7.0,169.0,7,14083.333333333334
Govindpura,850.0,7.0,100.0,6,11764.70588235294
KR Puram,1200.0,2.0,47.0,2,3916.6666666666665
Sarjapur  Road,1374.0,3.0,51.0,3,3711.7903930131006
Vidyaranyapura,4700.0,10.0,130.0,9,2765.9574468085107
Whitefield,630.5,1.0,32.15,1,5099.127676447264
 south,2400.0,2.0,480.0,3,20000.0
Haralur Road,1027.0,2.0,44.0,2,4284.323271665044
Ittamadu,1200.0,4.0,130.0,5,10833.333333333334
Jalahalli,2384.0,4.0,165.0,3,6921.140939597315
Electronic City,1033.0,2.0,28.41,3,2750.242013552759
Yelahanka,1200.0,2.0,54.0,2,4500.0
Haralur Road,2017.0,3.0,105.0,3,5205.751115518096
Rainbow Drive,1500.0,3.0,138.0,3,9200.0
Kamala Nagar,700.0,2.0,43.0,2,6142.857142857143
Shampura,1150.0,6.0,75.0,6,6521.739130434783
Kanakpura Road,1495.0,2.0,52.33,3,3500.334448160535
Kothanur,1302.0,2.0,68.5,2,5261.136712749616
Whitefield,905.0,1.0,52.0,1,5745.85635359116
Raja Rajeshwari Nagar,1303.0,2.0,55.79,2,4281.657712970069
Electronics City Phase 1,1350.0,3.0,71.0,3,5259.259259259259
Gottigere,1380.0,2.0,95.0,3,6884.057971014493
Harlur,1620.0,3.0,110.0,3,6790.123456790124
Chandapura,4800.0,4.0,250.0,4,5208.333333333333
Sarjapur  Road,1000.0,2.0,38.5,2,3850.0
Ramamurthy Nagar,800.0,4.0,88.0,3,11000.0
Thanisandra,1250.0,1.0,54.0,2,4320.0
3rd Block Koramangala,1750.0,3.0,170.0,3,9714.285714285714
Anekal,997.0,3.0,55.0,3,5516.5496489468405
Kothanur,1760.0,3.0,111.0,3,6306.818181818182
Yelahanka,1322.0,2.0,75.0,2,5673.2223903177
Kanaka Nagar,1365.0,3.0,99.0,3,7252.747252747253
Sahakara Nagar,1500.0,3.0,125.0,3,8333.333333333334
Kaggadasapura,1256.0,2.0,50.0,3,3980.891719745223
Brookefield,941.0,2.0,48.0,2,5100.956429330499
Devanahalli,5000.0,4.0,465.0,4,9300.0
Kanakpura Road,1665.0,3.0,86.58,3,5200.0
Hennur Road,1414.0,2.0,84.18,2,5953.323903818953
Chikkalasandra,1270.0,2.0,55.25,3,4350.393700787402
Madiwala,800.0,2.0,80.0,3,10000.0
Kengeri Satellite Town,4100.0,3.0,300.0,4,7317.073170731707
Mathikere,1800.0,3.0,105.0,6,5833.333333333333
Pattanagere,850.0,2.0,35.0,2,4117.64705882353
Kanakpura Road,712.0,1.0,38.44,1,5398.876404494382
Rajaji Nagar,2648.0,5.0,251.5,4,9497.73413897281
Basaveshwara Nagar Yelahanka,900.0,4.0,180.0,3,20000.0
TC Palaya,900.0,2.0,55.0,2,6111.111111111111
Hebbal,1200.0,2.0,49.0,2,4083.3333333333335
Kengeri Satellite Town,654.0,1.0,22.0,1,3363.914373088685
Peenya,708.0,1.0,55.0,2,7768.3615819209035
Singapura Village,600.0,5.0,75.0,4,12500.0
Wilson Garden,1680.0,3.0,135.0,3,8035.714285714285
Jakkasandra Extension,990.0,2.0,58.0,2,5858.585858585859
Uttarahalli,1380.0,2.0,42.0,2,3043.478260869565
Hebbal,1088.0,2.0,62.0,2,5698.529411764706
Harlur,1414.0,3.0,77.5,3,5480.905233380481
Seshadripuram,1240.0,2.0,100.0,2,8064.5161290322585
Ganesha Block,1810.0,3.0,118.0,3,6519.3370165745855
4th Block Jayanagar,2005.0,3.0,240.0,3,11970.074812967581
Kothanur,1185.0,2.0,58.0,2,4894.514767932489
Whitefield,1200.0,3.0,57.15,3,4762.5
Electronic City,1070.0,2.0,52.0,2,4859.813084112149
Shikaripalya,1265.0,2.0,58.0,2,4584.98023715415
Sahakara Nagar,1100.0,2.0,55.0,2,5000.0
Friends Colony,1035.0,2.0,44.0,2,4251.207729468599
Sonnenahalli,614.5,1.0,30.715,1,4998.372660699756
2nd Block Jayanagar,1000.0,2.0,97.0,2,9700.0
Hegde Nagar,1179.0,2.0,49.35,2,4185.750636132316
Vittasandra,1650.0,3.0,84.0,3,5090.909090909091
Malur Hosur Road,2800.0,4.0,100.0,6,3571.4285714285716
Lakshmipura Vidyaanyapura,3500.0,6.0,120.0,8,3428.5714285714284
Nagaraja Garden,1430.0,3.0,78.65,3,5500.000000000001
Marathahalli,1130.0,2.0,58.0,3,5132.743362831859
JP Nagar,1850.0,2.0,110.0,3,5945.945945945946
Hennur,1340.0,3.0,54.24,3,4047.7611940298507
Nagawara Junction,600.0,2.0,30.0,2,5000.0
Banashankari,2582.0,5.0,250.0,3,9682.416731216112
Channasandra,1160.0,2.0,55.0,2,4741.379310344828
Hegganahalli,1200.0,2.0,45.0,1,3750.0
Rajanna Layout,1116.0,2.0,37.6,2,3369.1756272401435
Nagarbhavi  BDA Complex,600.0,2.0,85.0,3,14166.666666666666
Sarakki Nagar,2663.0,4.0,338.0,3,12692.452121667293
Devasthanagalu,1090.0,2.0,45.0,2,4128.440366972477
JP Nagar,1100.0,2.0,45.0,2,4090.909090909091
Kammasandra,1365.0,2.0,34.13,3,2500.3663003663005
Vijayanagar,1484.0,3.0,79.19,3,5336.253369272237
Green Glen Layout,1630.0,3.0,68.0,3,4171.7791411042945
Whitefield,1451.0,2.0,52.43,3,3613.370089593384
Kanakpura Road,1330.0,2.0,107.0,2,8045.112781954887
Thanisandra,2127.0,3.0,135.0,3,6346.967559943582
Adityanagar,875.0,5.0,120.0,5,13714.285714285714
Hallehalli,1260.0,4.0,65.0,4,5158.730158730159
Sarjapur  Road,1173.0,2.0,45.75,3,3900.2557544757033
Electronics City Phase 1,1445.0,2.0,56.0,3,3875.432525951557
Jayamahal Extension,2250.0,4.0,400.0,4,17777.777777777777
Bannerghatta Road,1500.0,4.0,239.0,3,15933.333333333334
Thanisandra,2336.5,3.0,115.89,3,4959.982880376631
JP Nagar,1197.0,2.0,47.88,2,4000.0
2nd Stage Nagarbhavi,1200.0,4.0,225.0,4,18750.0
Sarjapur  Road,3930.0,7.0,329.0,5,8371.501272264632
Kanakpura Road,1450.0,3.0,62.4,3,4303.448275862069
Whitefield,1187.0,2.0,37.85,2,3188.7110362257795
Wilson Garden,4000.0,6.0,850.0,6,21250.0
Channasandra,1050.0,2.0,41.0,2,3904.7619047619046
Panathur,1370.0,2.0,54.8,3,4000.0
Yelahanka,1036.0,2.0,39.37,2,3800.1930501930497
JP Nagar,1275.0,3.0,41.2,3,3231.3725490196084
Old Madras Road,2010.0,3.0,115.0,4,5721.393034825871
Thigalarapalya,1418.0,2.0,106.0,2,7475.317348377997
Thanisandra,1265.0,2.0,46.6,2,3683.794466403162
Anandapura,1576.0,3.0,58.0,3,3680.203045685279
Dodda Nekkundi,1148.0,2.0,56.0,2,4878.048780487805
Green View Layout,1000.0,2.0,36.0,2,3600.0
Kudlu,1293.0,2.0,85.0,3,6573.859242072699
TC Palaya,1200.0,2.0,66.0,3,5500.0
Munnekollal,1210.0,2.0,75.0,2,6198.347107438017
HSR Layout,1126.0,2.0,69.0,2,6127.886323268206
Sarakki Nagar,1840.0,4.0,175.0,3,9510.869565217392
Vidyaranyapura,1440.0,2.0,70.0,3,4861.111111111111
Ramamurthy Nagar,1300.0,2.0,52.0,3,4000.0
Thanisandra,1276.0,2.0,75.0,2,5877.742946708464
Gidada Konnenahalli,600.0,4.0,105.0,6,17500.0
Whitefield,1216.0,2.0,83.0,2,6825.6578947368425
Marenahalli,840.0,1.0,75.0,1,8928.57142857143
Sector 1 HSR Layout,1240.0,5.0,300.0,5,24193.548387096773
Sompura,1126.0,2.0,39.0,2,3463.587921847247
Mysore Road,45.0,1.0,23.0,1,51111.11111111111
Raja Rajeshwari Nagar,1162.0,2.0,65.0,2,5593.803786574871
Whitefield,1301.0,2.0,65.0,2,4996.156802459646
Devanahalli,658.0,1.0,34.0,1,5167.173252279636
Sahakara Nagar,1350.0,3.0,250.0,3,18518.51851851852
Whitefield,2500.0,3.0,280.0,3,11200.0
Chandapura,1208.51,3.0,42.0,3,3475.3539482503247
Raja Rajeshwari Nagar,1133.0,2.0,38.41,2,3390.114739629302
Shettigere,1760.0,2.0,116.0,3,6590.909090909091
Bisuvanahalli,1075.0,2.0,52.0,3,4837.209302325581
Sarjapur,940.0,2.0,25.38,2,2700.0
Badavala Nagar,1145.0,2.0,57.0,2,4978.1659388646285
Bannerghatta Road,1302.5,2.0,67.73,2,5200.0
Rahat Bagh,3900.0,5.0,550.0,4,14102.564102564103
Omarbagh Layout,3317.5,5.0,268.5,4,8093.443858327054
Dasarahalli,1300.0,2.0,50.0,2,3846.153846153846
Malleshwaram,2475.0,4.0,326.0,3,13171.717171717171
6th Phase JP Nagar,2040.0,3.0,200.0,3,9803.921568627451
Hosakerehalli,1200.0,1.0,150.0,1,12500.0
Jigani,2420.0,4.0,190.0,4,7851.239669421488
Thubarahalli,1216.0,2.0,80.0,2,6578.9473684210525
Tumkur Road,1459.0,2.0,110.0,3,7539.410555174777
Jakkur,1622.0,2.0,80.0,3,4932.182490752158
Kanakpura Road,1843.0,3.0,85.0,3,4612.045577862181
Badavala Nagar,1274.0,2.0,81.0,2,6357.9277864992155
Chikkasandra,600.0,1.0,52.0,2,8666.666666666666
Malleshpalya,1430.0,2.0,69.5,3,4860.1398601398605
Kammanahalli,1800.0,2.0,280.0,4,15555.555555555555
Begur Road,1565.0,2.0,57.91,3,3700.3194888178914
 Devarabeesana Halli,1670.0,3.0,160.0,3,9580.838323353293
Lakshminarayana Pura,1695.0,3.0,150.0,3,8849.557522123894
Akshayanagara West,1410.0,2.0,75.0,2,5319.148936170212
Kengeri Satellite Town,1060.0,2.0,42.0,2,3962.264150943396
Sarjapur  Road,1120.0,2.0,50.0,2,4464.285714285715
Hosa Road,880.0,2.0,50.0,2,5681.818181818182
Jalahalli,1083.0,2.0,32.49,2,3000.0
Dodda Nekkundi,1435.0,3.0,57.2,3,3986.062717770035
Doddakallasandra,1425.0,2.0,56.99,3,3999.2982456140353
Arekere,900.0,2.0,50.0,2,5555.555555555556
Escorts Colony,2400.0,5.0,93.0,5,3875.0
Thanisandra,693.0,1.0,34.3,1,4949.494949494949
Kengeri,600.0,3.0,90.0,3,15000.0
Electronic City,2435.0,4.0,119.0,4,4887.063655030801
Iblur Village,1920.0,3.0,150.0,3,7812.5
Electronic City,630.0,1.0,47.0,1,7460.31746031746
Bisuvanahalli,1075.0,2.0,50.0,3,4651.162790697675
Hulimavu,1200.0,5.0,101.0,5,8416.666666666666
Nagavarapalya,705.0,1.0,55.0,1,7801.418439716312
Srinivasa Nagar,1200.0,2.0,75.6,3,6299.999999999999
Mahadevpura,1532.0,2.0,62.0,2,4046.9973890339425
Rajiv Nagar,1330.0,2.0,93.0,2,6992.481203007519
3rd Block Hrbr Layout,1200.0,3.0,210.0,4,17500.0
Sarjapur  Road,1530.0,2.0,60.0,3,3921.5686274509803
Kasavanhalli,1105.0,2.0,42.0,2,3800.9049773755655
1st Phase JP Nagar,1566.0,2.0,180.0,2,11494.252873563219
Harlur,1630.0,3.0,95.1,3,5834.355828220859
5th Phase JP Nagar,1256.0,2.0,62.8,2,5000.0
Banashankari,1200.0,6.0,180.0,6,15000.0
Brookefield,1595.0,2.0,75.0,3,4702.194357366771
7th Phase JP Nagar,1000.0,2.0,53.0,2,5300.0
Poorna Pragna Layout,1475.0,2.0,58.99,3,3999.322033898305
"asha township, off hennur road",2400.0,5.0,285.0,5,11875.0
Electronic City Phase II,1000.0,2.0,28.88,2,2888.0
1A Block Koramangala,2360.0,4.0,650.0,4,27542.372881355932
Uttarahalli,1737.0,2.0,95.0,3,5469.199769717904
Electronic City Phase II,1000.0,2.0,28.88,2,2888.0
Near International Airport,2100.0,4.0,150.0,4,7142.857142857143
Hosakerehalli,3600.0,6.0,145.0,8,4027.777777777778
Mysore Road,883.0,2.0,50.0,2,5662.5141562853905
Haralur Road,1243.0,2.0,46.0,2,3700.7240547063557
BTM Layout,1776.0,2.0,75.0,3,4222.972972972973
Anjanapura,1347.0,2.0,37.72,3,2800.2969561989607
Whitefield,1330.0,2.0,55.0,3,4135.338345864661
Sector 1 HSR Layout,600.0,2.0,120.0,2,20000.0
Rajaji Nagar,3730.0,4.0,370.0,4,9919.571045576407
Harlur,1459.0,3.0,135.0,3,9252.912954078136
Thanisandra,2259.0,5.0,135.0,4,5976.095617529881
JP Nagar,2700.0,4.0,160.0,7,5925.925925925926
Gubbalala,1008.0,2.0,32.25,2,3199.404761904762
NTI Layout,1200.0,2.0,52.5,2,4375.0
Vasanth nagar,2328.0,4.0,528.0,4,22680.41237113402
BTM 1st Stage,600.0,7.0,110.0,7,18333.333333333332
Electronic City,660.0,1.0,15.5,2,2348.4848484848485
Rajaji Nagar,1800.0,2.0,250.0,3,13888.888888888889
Rajaji Nagar,3100.0,4.0,550.0,4,17741.935483870966
Yelahanka,1405.0,2.0,50.58,2,3600.0
Yelahanka,602.0,1.0,26.0,1,4318.936877076412
Marathahalli,1710.0,3.0,100.0,3,5847.953216374269
JP Nagar,1500.0,2.0,82.0,3,5466.666666666667
Glass Factory Layout,1539.0,3.0,60.0,3,3898.635477582846
Fraser town,806.0,3.0,128.0,6,15880.893300248139
Judicial Layout,1100.0,2.0,53.0,3,4818.181818181818
Raja Rajeshwari Nagar,1151.0,2.0,49.0,2,4257.167680278019
Dasappa Layout,920.0,2.0,46.0,2,5000.0
Kathriguppe,1350.0,3.0,78.3,3,5800.0
Bannerghatta Road,1200.0,2.0,65.0,2,5416.666666666667
Thanisandra,1265.0,2.0,78.0,2,6166.00790513834
Chelekare,600.0,6.0,60.0,8,10000.0
Sarjapur  Road,1700.0,3.0,93.5,3,5500.0
Ramamurthy Nagar,1600.0,3.0,75.0,3,4687.5
4th T block Jayanagar,1550.0,4.0,120.0,4,7741.935483870968
R.T. Nagar,1560.0,3.0,125.0,3,8012.820512820513
Horamavu Agara,1000.0,5.0,98.0,6,9800.0
Haralur Road,1243.0,2.0,46.0,2,3700.7240547063557
Raja Rajeshwari Nagar,1200.0,4.0,160.0,4,13333.333333333334
Sarjapur  Road,1403.0,3.0,56.0,3,3991.4468995010693
Doddakallasandra,1010.0,2.0,40.39,2,3999.009900990099
Tumkur Road,1416.0,3.0,94.0,3,6638.418079096045
Kanakpura Road,1628.0,2.0,68.0,2,4176.904176904177
Chamrajpet,1660.4,4.0,211.0,4,12707.781257528306
7th Phase JP Nagar,1680.0,3.0,125.0,3,7440.476190476191
Doddathoguru,1595.0,3.0,62.0,3,3887.1473354231975
Kanakpura Road,1507.0,2.0,95.0,3,6303.9150630391505
Frazer Town,2560.0,3.0,288.0,3,11250.0
Hennur Road,1949.0,3.0,133.0,3,6824.012314007183
BTM 2nd Stage,800.0,2.0,175.0,2,21875.0
Electronic City Phase II,1000.0,2.0,28.88,2,2888.0
Sonam Layout,905.0,2.0,50.0,2,5524.861878453039
Hosakerehalli,2480.0,3.0,245.0,3,9879.032258064517
CR Layout,1495.0,3.0,200.0,3,13377.926421404682
Kaikondrahalli,1605.0,3.0,105.0,3,6542.056074766355
Bommanahalli,1290.0,2.0,73.0,2,5658.914728682171
Yelahanka,1100.0,2.0,60.0,2,5454.545454545455
Vishveshwarya Layout,2100.0,6.0,92.0,6,4380.952380952381
Electronics City Phase 1,995.0,2.0,49.8,2,5005.025125628141
Banashankari Stage II,500.0,2.0,55.0,2,11000.0
Rajaji Nagar,3526.0,4.0,598.0,4,16959.727736812252
Gottigere,1425.0,2.0,47.0,3,3298.245614035088
BTM 4th Stage,1455.0,2.0,55.0,3,3780.0687285223366
Jalahalli West,550.0,1.0,23.0,1,4181.818181818182
Uttarahalli,1385.0,2.0,48.48,3,3500.361010830325
Vishveshwarya Layout,7000.0,4.0,210.0,4,3000.0
Srinivasa Nagar,4000.0,3.0,130.0,5,3250.0
Gollahalli,1060.0,2.0,53.0,2,5000.0
AGS Layout,1080.0,2.0,75.0,3,6944.444444444444
HBR Layout,1783.0,3.0,125.0,3,7010.656197420079
Haralur Road,1520.0,2.0,90.0,3,5921.0526315789475
Sarjapur  Road,1060.0,2.0,55.0,2,5188.679245283019
Raja Rajeshwari Nagar,1267.0,2.0,54.35,2,4289.6606156274665
Whitefield,1155.0,2.0,55.0,2,4761.9047619047615
Karuna Nagar,2500.0,3.0,180.0,3,7200.0
Bannerghatta Road,1240.0,2.0,65.0,2,5241.935483870968
Gollahalli,1570.0,3.0,78.0,3,4968.152866242038
NGR Layout,1019.0,2.0,45.9,2,4504.41609421001
Whitefield,1355.0,3.0,76.0,2,5608.856088560886
Arekempanahalli,1537.0,3.0,110.0,3,7156.79895901106
Whitefield,4075.0,5.0,226.0,4,5546.01226993865
Raja Rajeshwari Nagar,1550.0,3.0,52.45,3,3383.8709677419356
Raja Rajeshwari Nagar,1100.0,2.0,50.0,2,4545.454545454545
 Devarabeesana Halli,1750.0,3.0,150.0,3,8571.42857142857
9th Phase JP Nagar,1466.0,2.0,71.0,2,4843.110504774898
Rachenahalli,1550.0,3.0,72.5,3,4677.419354838709
Akshaya Nagar,2300.0,4.0,102.0,3,4434.782608695652
Kengeri,540.0,1.0,22.5,1,4166.666666666667
8th Phase JP Nagar,950.0,3.0,130.0,3,13684.21052631579
Chamundi Nagar,2800.0,7.0,250.0,7,8928.57142857143
Silk Board,1020.0,2.0,48.0,2,4705.882352941177
Cunningham Road,2880.0,3.0,501.0,3,17395.833333333332
Hebbal,1987.0,4.0,165.0,3,8303.975842979366
Hoodi,1305.0,2.0,75.0,2,5747.126436781609
Sarjapur,2100.0,3.0,125.0,4,5952.380952380952
Electronic City,1125.0,2.0,32.5,2,2888.8888888888887
Horamavu Banaswadi,1225.0,2.0,49.5,2,4040.816326530612
Hennur,1255.0,2.0,55.5,2,4422.310756972111
MRCR Layout,1191.0,2.0,90.0,2,7556.675062972292
Uttarahalli,3600.0,6.0,303.0,6,8416.666666666666
Electronic City,1165.0,2.0,33.64,2,2887.5536480686696
Kacharakanahalli,865.0,2.0,35.11,2,4058.9595375722542
Nagarbhavi,1850.0,2.0,88.0,3,4756.756756756757
Marsur,497.0,1.0,17.0,2,3420.523138832998
Hennur Road,1232.0,2.0,89.0,2,7224.025974025974
Thanisandra,1732.0,3.0,85.73,3,4949.769053117783
Yelahanka,1614.0,2.0,100.0,3,6195.786864931846
Magadi Road,600.0,1.0,22.0,2,3666.6666666666665
Thigalarapalya,2072.0,4.0,155.0,3,7480.694980694981
Electronic City,919.0,2.0,34.0,2,3699.6735582154515
Shettihalli,2100.0,4.0,90.0,4,4285.714285714285
Shampura,672.0,3.0,54.0,4,8035.714285714285
J C Nagar,800.0,6.0,110.0,8,13750.0
Marsur,1200.0,3.0,150.0,3,12500.0
OLd Gurappanapalya,2849.0,5.0,250.0,4,8775.008775008775
Doctors Layout,1000.0,2.0,42.0,2,4200.0
Whitefield,1216.0,2.0,75.0,2,6167.763157894737
Lingadheeranahalli,2245.0,4.0,154.0,4,6859.688195991092
Bannerghatta Road,1476.0,3.0,125.0,3,8468.834688346884
Ambedkar Nagar,1852.0,3.0,130.0,3,7019.438444924406
Udaya Nagar,1225.0,2.0,47.0,2,3836.734693877551
Panathur,1597.0,3.0,67.12,3,4202.880400751409
Jakkur,2423.0,4.0,160.0,3,6603.38423442014
Marathahalli,1152.0,2.0,90.0,2,7812.5
Harlur,1762.0,3.0,133.0,3,7548.240635641317
Kammasandra,1400.0,3.0,92.0,3,6571.428571428572
Rachenahalli,1530.0,2.0,74.4,3,4862.745098039216
New Thippasandra,2400.0,6.0,400.0,6,16666.666666666668
Raja Rajeshwari Nagar,1185.0,2.0,40.17,2,3389.8734177215188
Yelahanka,1890.0,3.0,108.0,3,5714.285714285715
Varthur Road,1247.0,2.0,58.0,3,4651.162790697675
1st Block Jayanagar,700.0,4.0,104.0,8,14857.142857142857
HRBR Layout,1000.0,6.0,275.0,6,27500.0
Bellandur,1201.0,2.0,59.99,2,4995.004163197335
Gunjur Palya,830.0,2.0,40.0,2,4819.277108433735
Electronic City Phase II,1165.0,2.0,30.29,2,2600.0
Bommanahalli,1100.0,1.0,55.0,2,5000.0
9th Phase JP Nagar,1890.0,2.0,93.0,3,4920.6349206349205
Maithri Layout,1685.0,3.0,60.0,3,3560.8308605341244
Sarakki Nagar,3131.0,4.0,349.0,4,11146.598530820824
Battarahalli,1165.0,2.0,43.0,2,3690.987124463519
Kachanayakanahalli,827.0,2.0,45.0,2,5441.354292623942
Gangondanahalli,396.0,2.0,48.0,3,12121.212121212122
Uttarahalli,1200.0,4.0,179.0,4,14916.666666666666
Electronics City Phase 1,635.0,1.0,26.0,1,4094.488188976378
Whitefield,4000.0,4.0,380.0,4,9500.0
Vishwanatha Nagenahalli,1050.0,2.0,50.0,2,4761.9047619047615
D Group Employees Layout,600.0,4.0,76.0,5,12666.666666666666
Jakkur,1819.18,3.0,168.0,3,9234.930023417144
Kanakapura,1500.0,3.0,125.0,3,8333.333333333334
Yelenahalli,1500.0,2.0,57.0,3,3800.0
Benson Town,2850.0,4.0,470.0,3,16491.22807017544
Raja Rajeshwari Nagar,1751.0,3.0,72.0,3,4111.936036550543
Vasanth nagar,4750.0,6.0,1102.0,4,23200.0
Bommasandra,1020.0,2.0,40.89,2,4008.823529411765
Thanisandra,1148.0,2.0,43.5,2,3789.198606271777
Talaghattapura,1856.0,3.0,135.0,3,7273.706896551724
Basavangudi,1754.0,6.0,650.0,6,37058.152793614594
2nd Block Hrbr Layout,4273.0,3.0,1100.0,3,25743.037678446057
B Narayanapura,1060.0,2.0,49.27,2,4648.11320754717
Haralur Road,1300.0,2.0,60.0,2,4615.384615384615
Hormavu,3000.0,4.0,100.0,4,3333.3333333333335
Bellandur,1325.0,2.0,65.0,2,4905.66037735849
Sai Gardens,1261.0,2.0,61.0,2,4837.430610626487
Manayata Tech Park,1100.0,2.0,46.0,2,4181.818181818182
Ramamurthy Nagar,700.0,2.0,33.0,2,4714.285714285715
7th Phase JP Nagar,1675.0,2.0,135.0,3,8059.701492537313
Ullal Road,3400.0,4.0,190.0,4,5588.235294117647
Kodihalli,3260.0,5.0,388.0,4,11901.840490797545
Doddakammanahalli,1180.0,2.0,56.0,2,4745.762711864407
Uttarahalli,1160.0,2.0,45.0,2,3879.310344827586
Kasavanhalli,1863.0,3.0,105.0,4,5636.070853462158
Sahakara Nagar,1914.0,3.0,149.0,3,7784.743991640544
BTM Layout,1458.0,3.0,79.0,3,5418.38134430727
Thirumenahalli,1200.0,4.0,115.0,5,9583.333333333334
Babusapalaya,1105.0,2.0,40.0,2,3619.9095022624433
Hulimavu,3035.0,5.0,220.0,3,7248.764415156507
Bannerghatta Road,1200.0,6.0,160.0,6,13333.333333333334
Akshaya Nagar,1662.0,3.0,90.0,3,5415.162454873646
Yelahanka,1556.0,3.0,86.0,3,5526.9922879177375
Jigani,918.0,2.0,50.0,2,5446.623093681917
Sarjapur  Road,1455.0,2.0,98.0,3,6735.395189003437
Jakkasandra Extension,1205.0,2.0,70.0,2,5809.128630705394
BEML Layout,1194.0,2.0,65.0,2,5443.886097152429
Laggere,1200.0,2.0,75.0,2,6250.0
Bannerghatta Road,1100.0,2.0,52.0,3,4727.272727272727
Sarjapur  Road,1405.0,3.0,48.87,3,3478.291814946619
Subramanyapura,929.0,2.0,56.0,2,6027.9870828848225
Frazer Town,3436.0,5.0,341.0,4,9924.330616996507
7th Phase JP Nagar,1035.0,2.0,39.33,2,3800.0
8th Phase JP Nagar,2100.0,4.0,92.0,4,4380.952380952381
Channasandra,1065.0,2.0,40.47,2,3800.0
Bannerghatta Road,1532.5,3.0,84.29,3,5500.163132137031
Kengeri,1500.0,6.0,150.0,6,10000.0
Hullahalli,1200.0,5.0,99.0,5,8250.0
Hormavu,1093.0,2.0,32.78,2,2999.085086916743
Anandapura,1250.0,2.0,45.0,2,3600.0
Marathahalli,1680.0,3.0,105.0,3,6250.0
Nagarbhavi,1146.0,2.0,50.0,2,4363.001745200698
Jagajyothi layout,1250.0,2.0,58.0,2,4640.0
Ramagondanahalli,1451.0,3.0,60.44,3,4165.40317022743
Nobo Nagar,1424.0,2.0,55.0,3,3862.3595505617977
Gottigere,1435.0,2.0,62.0,3,4320.557491289199
Devanahalli,658.0,1.0,26.91,1,4089.665653495441
Bommanahalli,1300.0,3.0,45.0,3,3461.5384615384614
Whitefield,1242.0,2.0,65.0,2,5233.494363929147
Marathahalli,1910.0,3.0,119.0,3,6230.366492146597
Yelahanka,1610.0,4.0,85.0,3,5279.503105590062
Hulimavu,1127.0,2.0,65.0,2,5767.524401064774
Yelahanka,1075.0,2.0,42.0,3,3906.9767441860463
Mysore Road,1155.0,2.0,51.0,2,4415.584415584415
Lakkasandra Extension,1280.0,3.0,250.0,5,19531.25
Krishna Reddy Layout,1250.0,3.0,55.0,3,4400.0
Kuvempu Layout,2200.0,4.0,160.0,3,7272.727272727273
Billekahalli,2400.0,3.0,150.0,3,6250.0
Chandapura,876.0,2.0,29.5,2,3367.5799086757993
Nagarbhavi,1850.0,2.0,89.0,3,4810.810810810811
Kadugodi,1314.0,2.0,83.0,2,6316.590563165905
Rachenahalli,690.0,1.0,39.8,1,5768.115942028985
Srirampura,1230.0,2.0,55.0,2,4471.544715447155
Bommasandra,920.0,2.0,37.2,2,4043.478260869566
Sarjapur  Road,1850.0,3.0,140.0,3,7567.5675675675675
Electronic City,1073.0,2.0,60.0,2,5591.798695246971
Maithri Layout,1540.0,3.0,76.0,3,4935.064935064935
Kanakpura Road,1550.0,3.0,63.5,3,4096.774193548387
Kalyan nagar,1198.0,2.0,65.0,2,5425.709515859767
HBR Layout,1656.0,3.0,90.0,3,5434.782608695652
Kaveri Nagar,1900.0,3.0,155.0,3,8157.894736842105
Ramagondanahalli,1910.0,3.0,142.0,3,7434.55497382199
Mysore Road,1003.0,2.0,43.0,2,4287.138584247258
Whitefield,1495.0,2.0,67.0,3,4481.605351170569
Thanisandra,2172.0,3.0,76.02,3,3500.0
Sarakki Nagar,2400.0,4.0,358.0,4,14916.666666666666
T G extension,1200.0,1.0,95.0,2,7916.666666666667
Whitefield,1548.0,3.0,65.0,3,4198.966408268734
2nd Block Koramangala,5400.0,5.0,972.0,7,18000.0
Whitefield,2856.0,5.0,154.5,4,5409.663865546218
Hosur Road,1689.0,3.0,103.0,3,6098.283007696862
Electronic City Phase II,1031.0,2.0,53.0,2,5140.640155189137
Bhoganhalli,2119.0,4.0,111.0,4,5238.319962246343
Whitefield,1200.0,2.0,46.13,2,3844.1666666666665
JCR Layout,1060.0,2.0,37.0,2,3490.566037735849
Devi Nagar,1100.0,2.0,61.0,2,5545.454545454545
GKW Layout,1350.0,4.0,225.0,4,16666.666666666668
Gandhi Nagar,1050.0,4.0,80.0,5,7619.047619047619
Hennur Road,1250.0,2.0,77.88,3,6230.4
8th Block Jayanagar,1100.0,2.0,110.0,2,10000.0
Whitefield,1200.0,2.0,46.13,2,3844.1666666666665
Seegehalli,1420.0,2.0,46.0,3,3239.43661971831
Electronic City,1500.0,2.0,78.0,3,5200.0
OLd Gurappanapalya,1942.0,3.0,155.0,3,7981.462409886714
Haralur Road,1985.0,3.0,130.0,3,6549.11838790932
Sarjapur  Road,950.0,1.0,39.9,1,4200.0
AMS Layout,1200.0,4.0,80.0,3,6666.666666666667
Green Glen Layout,1752.0,3.0,105.0,3,5993.1506849315065
Abbigere,1200.0,3.0,120.0,4,10000.0
Mahalakshmi Layout,1200.0,5.0,200.0,5,16666.666666666668
Old Madras Road,1480.0,2.0,84.0,3,5675.675675675676
Jnana Ganga Nagar,600.0,4.0,81.0,3,13500.0
Sarjapur  Road,1826.0,3.0,130.0,3,7119.386637458927
8th Phase JP Nagar,1035.0,2.0,39.33,2,3800.0
Sarjapur  Road,2600.0,4.0,98.0,4,3769.230769230769
Kasavanhalli,1667.0,3.0,92.0,3,5518.896220755849
Thanisandra,934.0,2.0,55.0,2,5888.650963597431
Mahadevpura,1620.0,2.0,76.0,3,4691.358024691358
Electronic City,1070.0,2.0,47.0,2,4392.523364485981
Hosur Road,3600.0,5.0,180.0,5,5000.0
Uttarahalli,1280.0,2.0,60.0,3,4687.5
rr nagar,1400.0,2.0,60.0,2,4285.714285714285
Vishveshwarya Layout,1200.0,8.0,180.0,7,15000.0
"Varthur Road, ",1330.0,2.0,64.0,2,4812.0300751879695
Balagere,1012.0,2.0,54.59,2,5394.268774703557
Electronic City Phase II,1611.0,2.0,48.33,3,3000.0
Whitefield,1405.0,3.0,58.0,3,4128.113879003558
VGP Layout,1515.0,3.0,90.0,3,5940.59405940594
Thigalarapalya,1830.0,4.0,150.0,3,8196.72131147541
Kaggadasapura,1710.0,3.0,60.0,3,3508.7719298245615
BTM Layout,935.0,2.0,51.5,2,5508.0213903743315
Jakkur,2197.0,3.0,136.0,3,6190.259444697314
TC Palaya,600.0,4.0,65.0,4,10833.333333333334
Yeshwanthpur,1678.0,3.0,92.13,3,5490.464839094159
Brookefield,1410.0,2.0,80.0,3,5673.758865248227
Jakkur,1125.0,2.0,65.0,2,5777.777777777777
Magadi Road,1191.0,2.0,55.38,3,4649.8740554156175
Thubarahalli,1200.0,2.0,79.0,2,6583.333333333333
CV Raman Nagar,1525.0,2.0,67.0,3,4393.44262295082
KUDLU MAIN ROAD,1464.0,3.0,56.0,3,3825.136612021858
Seegehalli,920.0,2.0,27.0,2,2934.782608695652
Yelahanka,651.0,1.0,17.5,1,2688.1720430107525
Chikkabanavar,600.0,1.0,25.0,2,4166.666666666667
Chandapura,645.0,1.0,16.45,1,2550.3875968992247
Thanisandra,1185.0,2.0,44.0,2,3713.0801687763715
Electronics City Phase 1,1190.0,2.0,68.0,2,5714.285714285715
Whitefield,2856.0,5.0,158.5,4,5549.7198879551825
Whitefield,1355.0,2.0,73.0,2,5387.453874538745
KR Puram,1200.0,1.0,65.0,2,5416.666666666667
Kundalahalli,7000.0,4.0,550.0,4,7857.142857142857
Ramamurthy Nagar,1200.0,4.0,110.0,6,9166.666666666666
Yelahanka New Town,500.0,2.0,24.0,1,4800.0
Bommasandra Industrial Area,1250.0,3.0,50.0,3,4000.0
Uttarahalli,1480.0,2.0,58.0,3,3918.9189189189187
Ambalipura,3300.0,4.0,329.0,4,9969.69696969697
Green Woods Layout,1206.0,2.0,53.0,2,4394.69320066335
Rajaji Nagar,1357.0,2.0,130.0,2,9579.955784819454
Hosakerehalli,925.0,2.0,46.5,2,5027.027027027027
8th Phase JP Nagar,909.0,2.0,40.9,2,4499.4499449945
Seegehalli,3000.0,5.0,335.0,3,11166.666666666666
Brookefield,1100.0,2.0,55.0,2,5000.0
Malleshwaram,3000.0,5.0,815.0,4,27166.666666666668
Vidyaranyapura,1100.0,2.0,54.0,2,4909.090909090909
Subramanyapura,975.0,2.0,65.0,2,6666.666666666667
Raja Rajeshwari Nagar,1306.0,2.0,44.17,2,3382.08269525268
Roopena Agrahara,1200.0,4.0,95.0,4,7916.666666666667
Kalena Agrahara,610.0,1.0,39.0,1,6393.44262295082
Yelahanka,1484.0,2.0,56.4,3,3800.5390835579515
Ramamurthy Nagar,1125.0,2.0,47.0,2,4177.777777777777
Bhoganhalli,1447.0,2.0,75.97,2,5250.172771250864
Whitefield,2882.0,5.0,158.0,4,5482.303955586398
Vidyaranyapura,750.0,4.0,88.0,4,11733.333333333334
Kundalahalli,2075.0,3.0,115.0,3,5542.168674698795
Stage-4 Bommanahalli,1250.0,2.0,58.0,2,4640.0
Horamavu Banaswadi,1272.0,2.0,51.5,2,4048.7421383647797
Banashankari Stage II,1050.0,3.0,125.0,4,11904.761904761905
Venkateshpuram,625.0,2.0,24.0,2,3840.0
1st Phase JP Nagar,840.0,2.0,50.0,1,5952.380952380952
Hennur Road,2502.0,4.0,180.0,4,7194.244604316546
Rayasandra,583.0,1.0,26.9,1,4614.065180102916
Gunjur Palya,900.0,2.0,27.0,2,3000.0
Sarjapur  Road,1115.0,2.0,50.0,2,4484.304932735426
HOSUR MAIN ROAD,1464.0,2.0,56.0,2,3825.136612021858
Kanakapura,2200.0,3.0,121.0,3,5500.0
Whitefield,750.0,1.0,51.0,1,6800.0
Marathahalli,1600.0,3.0,58.0,3,3625.0
Chikkalasandra,1365.0,2.0,49.0,3,3589.74358974359
"Judicial Layout, Kanakapura Road, ",1300.0,3.0,64.0,3,4923.076923076923
Kurubarahalli,1200.0,1.0,69.0,1,5750.0
Hormavu,1260.0,2.0,35.0,2,2777.777777777778
Electronics City Phase 1,1190.0,2.0,33.92,2,2850.4201680672268
Hosakerehalli,2480.0,4.0,260.0,3,10483.870967741936
Vishwapriya Layout,1250.0,3.0,38.0,3,3040.0
Kaggadasapura,1500.0,3.0,75.0,3,5000.0
Banashankari Stage V,1510.0,3.0,47.57,3,3150.3311258278145
7th Phase JP Nagar,1187.0,2.0,59.0,2,4970.513900589722
Kundalahalli,1120.0,2.0,53.76,2,4800.0
Whitefield,1115.0,2.0,34.555,2,3099.103139013453
Dodsworth Layout,1717.0,3.0,99.0,3,5765.87070471753
Mullur,2099.0,3.0,95.0,3,4525.964745116722
Kasturi Nagar,1100.0,2.0,58.0,2,5272.727272727273
Hegganahalli,1200.0,1.0,48.0,1,4000.0
Bannerghatta Road,1465.0,2.0,45.87,3,3131.0580204778157
Kothanur,1500.0,1.0,75.0,1,5000.0
Prashanth Nagar,4050.0,4.0,600.0,5,14814.814814814816
Haralur Road,1255.0,2.0,90.0,3,7171.314741035857
5th Phase JP Nagar,1220.0,2.0,88.0,2,7213.11475409836
Electronic City Phase II,1065.0,2.0,30.88,2,2899.5305164319248
Sultan Palaya,1765.0,3.0,80.0,3,4532.57790368272
Bellandur,1281.0,2.0,87.0,2,6791.569086651054
Electronic City,1210.0,2.0,25.0,2,2066.115702479339
Kaggadasapura,1215.0,2.0,43.0,2,3539.0946502057614
Ananth Nagar,1200.0,3.0,87.0,4,7250.0
Mysore Road,1237.0,2.0,73.0,2,5901.3742926434925
Lakshminarayana Pura,1300.0,2.0,70.0,2,5384.615384615385
Whitefield,1105.0,2.0,39.99,2,3619.004524886878
Chandapura,1505.0,2.0,42.0,3,2790.6976744186045
Hebbal Kempapura,3900.0,5.0,310.0,4,7948.717948717948
Banashankari,1186.0,2.0,65.0,2,5480.607082630691
Byrathi Village,900.0,3.0,51.0,4,5666.666666666667
Kengeri,750.0,2.0,35.5,2,4733.333333333333
Varthur,1083.0,2.0,28.0,2,2585.410895660203
Nagaraja Garden,1430.0,2.0,78.65,3,5500.000000000001
Thanisandra,1056.0,2.0,68.0,2,6439.393939393939
VGP Layout,2108.0,3.0,85.0,3,4032.2580645161293
Banashankari,1650.0,3.0,101.0,3,6121.212121212121
Electronic City Phase II,1220.0,3.0,36.6,3,3000.0
Rayasandra,1198.0,2.0,54.0,2,4507.512520868114
Ejipura,1190.0,2.0,70.0,2,5882.35294117647
"Judicial Layout, Kanakapura Road, ",900.0,2.0,41.0,2,4555.555555555556
J.P.nagar 6th Phase.Sarakki Nagar,2690.0,4.0,185.0,4,6877.323420074349
Kanakapura,1340.0,2.0,65.0,2,4850.746268656716
Bommenahalli,2940.0,3.0,2250.0,4,76530.61224489796
Giri Nagar,2400.0,6.0,400.0,6,16666.666666666668
Yelahanka,1260.0,2.0,59.2,2,4698.412698412699
Talaghattapura,2254.0,3.0,153.0,3,6787.93256433008
Old Madras Road,2990.0,5.0,210.0,3,7023.411371237458
1st Block BEL Layout,1800.0,5.0,250.0,4,13888.888888888889
JP Nagar,820.0,2.0,45.0,2,5487.804878048781
Electronic City,1296.0,2.0,65.0,2,5015.432098765432
Uttarahalli,1190.0,2.0,53.55,2,4500.0
Whitefield,1173.0,2.0,77.0,2,6564.364876385337
Sarjapura - Attibele Road,1800.0,3.0,90.0,3,5000.0
Yelahanka,1102.0,2.0,52.0,2,4718.693284936479
Sarjapur,913.0,2.0,36.0,2,3943.0449069003284
Hormavu,1176.0,2.0,35.27,3,2999.149659863946
Prithvi Layout,1620.0,3.0,65.0,3,4012.3456790123455
Billekahalli,2968.0,3.0,225.0,3,7580.8625336927225
Yelahanka,1519.0,2.0,65.0,2,4279.131007241606
Hosur Road,1345.0,2.0,106.0,2,7881.0408921933085
Dodsworth Layout,1594.0,3.0,99.0,3,6210.790464240903
Kaverappa Layout,1250.0,2.0,68.0,2,5440.0
Haralur Road,1056.0,2.0,60.0,2,5681.818181818182
Whitefield,1200.0,3.0,68.4,3,5700.000000000001
Kothnur Narayanapura,1290.0,1.0,77.5,2,6007.751937984496
Amruthnagar,1150.0,2.0,48.0,2,4173.913043478261
Ambedkar Colony,1464.0,2.0,145.0,2,9904.371584699453
Anekal,1200.0,2.0,36.0,4,3000.0
Gollarapalya Hosahalli,861.0,2.0,36.5,2,4239.256678281068
Kundalahalli,1047.0,2.0,82.62,2,7891.117478510028
Lakshmipura,1200.0,2.0,75.0,2,6250.0
Kirloskar Layout,1200.0,10.0,190.0,10,15833.333333333334
Hongasandra,1065.0,2.0,45.0,2,4225.352112676056
Rajaji Nagar,2300.0,3.0,369.0,3,16043.478260869566
Ramamurthy Nagar,1000.0,2.0,62.0,2,6200.0
Lingadheeranahalli,1682.0,3.0,113.0,3,6718.192627824019
Harlur,1756.0,3.0,131.0,3,7460.136674259681
BEL Road,4000.0,4.0,1000.0,5,25000.0
Vignana Nagar,1050.0,4.0,90.0,4,8571.42857142857
Vittasandra,1238.0,2.0,67.32,2,5437.802907915992
Dasanapura,814.0,2.0,42.0,2,5159.7051597051595
Dodda Nekkundi,1145.0,2.0,46.5,2,4061.1353711790393
Varthur,965.0,2.0,34.0,2,3523.316062176166
Doddabele,750.0,2.0,36.0,2,4800.0
Banashankari,1300.0,2.0,55.0,3,4230.7692307692305
1st Phase JP Nagar,1590.0,3.0,131.0,3,8238.993710691824
Begur Road,644.0,1.0,40.0,1,6211.180124223602
Whitefield,982.0,2.0,37.0,2,3767.8207739307536
Indira Nagar,1260.0,2.0,100.0,2,7936.507936507936
Rayasandra,1555.0,3.0,75.17,3,4834.083601286174
Race Course Road,2500.0,4.0,450.0,4,18000.0
Kaggadasapura,1225.0,2.0,48.0,2,3918.3673469387754
Electronics City Phase 1,1085.0,2.0,46.0,2,4239.6313364055295
Rajaji Nagar,1640.0,3.0,220.0,3,13414.634146341463
Thanisandra,1595.0,3.0,110.0,3,6896.551724137931
Raja Rajeshwari Nagar,1196.0,2.0,40.44,2,3381.2709030100336
Yelahanka,1859.0,3.0,108.0,3,5809.575040344271
9th Phase JP Nagar,1079.0,2.0,60.0,2,5560.704355885079
Shivaji Nagar,550.0,1.0,27.0,2,4909.090909090909
Whitefield,1118.0,2.0,42.0,2,3756.7084078711987
CV Raman Nagar,1198.0,2.0,60.0,2,5008.347245409015
Thigalarapalya,1830.0,4.0,135.0,3,7377.049180327869
Banashankari Stage VI,1160.0,2.0,59.0,2,5086.206896551724
Srirampuram,1485.0,2.0,156.0,3,10505.050505050505
Ejipura,2070.0,3.0,135.0,3,6521.739130434783
Basaveshwara Nagar,750.0,4.0,150.0,6,20000.0
Kannamangala,957.0,2.0,52.5,2,5485.8934169279
Basaveshwara Nagar,2400.0,4.0,310.0,5,12916.666666666666
Bannerghatta Road,1268.0,2.0,69.0,2,5441.640378548896
Bannerghatta Road,1450.0,2.0,87.0,3,6000.0
Manorayana Palya,1600.0,2.0,75.0,3,4687.5
Uttarahalli,1330.0,2.0,57.0,3,4285.714285714285
Jakkur,1355.0,2.0,65.0,3,4797.047970479704
Horamavu Banaswadi,1272.0,2.0,51.5,2,4048.7421383647797
Abbaiah Reddy Layout,1100.0,2.0,38.49,2,3499.090909090909
Sarjapur  Road,1220.0,3.0,58.0,3,4754.098360655737
Chikkalasandra,1075.0,2.0,46.76,2,4349.767441860465
Lingarajapuram,800.0,2.0,55.0,2,6875.0
Vasanthapura,995.0,2.0,34.82,2,3499.497487437186
Vasantha Vallabha Nagar,900.0,1.0,44.0,2,4888.888888888889
Haralur Road,1140.0,2.0,42.0,2,3684.2105263157896
Ganga Nagar,1480.0,2.0,125.0,3,8445.945945945947
Padmanabhanagar,1710.0,2.0,90.63,3,5300.0
Talaghattapura,2106.0,3.0,148.0,3,7027.540360873694
Yeshwanthpur,2400.0,6.0,270.0,9,11250.0
Sadahalli,3800.0,2.0,130.0,3,3421.0526315789475
Vajarahalli,800.0,3.0,120.0,3,15000.0
Marathahalli,1602.0,2.0,104.0,2,6491.8851435705365
Sarjapur  Road,1660.0,2.0,116.0,3,6987.951807228916
Electronic City Phase II,1549.0,3.0,80.0,3,5164.622336991608
Marathahalli,700.0,1.0,38.0,1,5428.571428571428
Balagere,1012.0,2.0,64.0,2,6324.110671936759
Marathahalli,1469.0,3.0,89.0,3,6058.543226684819
Whitefield,1216.0,2.0,69.0,2,5674.3421052631575
Electronic City Phase II,1065.0,2.0,56.13,2,5270.422535211268
Thanisandra,1411.0,3.0,93.15,3,6601.700921332388
Pai Layout,1400.0,2.0,57.5,2,4107.142857142857
Hoskote,1250.0,3.0,29.0,3,2320.0
Haralur Road,1245.0,2.0,62.0,2,4979.919678714859
Choodasandra,1115.0,2.0,50.0,2,4484.304932735426
Vidyaranyapura,1000.0,2.0,35.0,2,3500.0
Panathur,1580.0,3.0,71.89,3,4550.0
Subramanyapura,1800.0,3.0,90.0,3,5000.0
Mathikere,1500.0,2.0,130.0,2,8666.666666666666
Chandapura,645.0,1.0,16.45,1,2550.3875968992247
Kothannur,1275.0,3.0,44.0,3,3450.9803921568628
Kasavanhalli,1494.0,3.0,82.0,3,5488.621151271754
Bhoganhalli,1949.0,3.0,129.0,3,6618.778860954336
BTM Layout,1020.0,2.0,46.5,2,4558.823529411765
Mysore Road,883.0,2.0,45.0,2,5096.262740656852
Old Airport Road,3200.0,4.0,280.0,4,8750.0
Uttarahalli,1680.0,6.0,125.0,6,7440.476190476191
Mysore Road,2232.0,6.0,300.0,12,13440.860215053763
Anand nagar,2010.0,3.0,125.0,3,6218.905472636816
Yeshwanthpur,1240.0,2.0,80.0,2,6451.612903225807
6th Phase JP Nagar,1213.0,2.0,63.0,2,5193.734542456719
Hegde Nagar,1835.0,3.0,88.0,3,4795.6403269754765
Hoskote,1800.0,10.0,185.0,9,10277.777777777777
Bannerghatta Road,2932.0,5.0,195.0,4,6650.75034106412
Whitefield,3425.0,5.0,250.0,4,7299.270072992701
Gottigere,945.0,2.0,45.0,2,4761.9047619047615
Sathya Layout,1504.0,2.0,100.0,3,6648.936170212766
Lakshminarayana Pura,1569.0,3.0,150.0,3,9560.229445506691
Harlur,1755.0,3.0,130.0,3,7407.407407407408
Vijayanagar,1760.0,3.0,140.0,3,7954.545454545455
Hoodi,1240.0,2.0,43.94,2,3543.548387096774
Electronics City Phase 1,1450.0,3.0,72.54,3,5002.758620689656
5th Phase JP Nagar,1000.0,2.0,48.0,2,4800.0
Shivaji Nagar,3820.0,1.0,306.0,1,8010.471204188481
Thyagaraja Nagar,2000.0,4.0,145.0,5,7250.0
Choodasandra,1215.0,2.0,59.0,2,4855.9670781893
Yelachenahalli,1330.0,3.0,73.5,3,5526.315789473684
Raja Rajeshwari Nagar,1178.0,2.0,75.0,2,6366.723259762309
Hulimavu,1500.0,4.0,192.0,4,12800.0
Shree Ananth Nagar Layout,2040.0,2.0,59.0,2,2892.156862745098
Bellandur,2000.0,3.0,85.0,3,4250.0
Shanti Nagar,1602.0,2.0,165.0,3,10299.625468164793
2nd Stage Arekere Mico Layout,1200.0,4.0,130.0,4,10833.333333333334
Parappana Agrahara,1194.0,2.0,46.0,2,3852.5963149078725
Jayamahal,1800.0,3.0,220.0,3,12222.222222222223
Dasarahalli,2400.0,2.0,152.0,3,6333.333333333333
Sarjapur  Road,1700.0,3.0,108.0,3,6352.941176470588
Jigani,1200.0,3.0,65.0,3,5416.666666666667
Veer Sandra,1500.0,3.0,72.0,3,4800.0
Karuna Nagar,1240.0,3.0,165.0,3,13306.451612903225
Whitefield,3000.0,3.0,400.0,3,13333.333333333334
Kanakpura Road,1737.0,3.0,85.0,3,4893.494530800231
TC Palaya,900.0,2.0,55.0,2,6111.111111111111
Chennappa Layout,1280.0,2.0,48.0,3,3750.0
CV Raman Nagar,1560.0,2.0,85.0,2,5448.717948717948
Kambipura,883.0,2.0,44.0,2,4983.012457531144
Kengeri Satellite Town,750.0,2.0,33.0,2,4400.0
Brookefield,2400.0,3.0,140.0,4,5833.333333333333
Bhuvaneshwari Nagar,900.0,2.0,45.0,2,5000.0
Hormavu,1030.0,2.0,49.35,2,4791.26213592233
7th Phase JP Nagar,1850.0,3.0,155.0,3,8378.378378378378
Hennur Road,1831.0,3.0,110.0,3,6007.646095030038
Raja Rajeshwari Nagar 5th Stage,1095.0,2.0,38.33,2,3500.4566210045664
Electronic City Phase II,1320.0,2.0,38.13,3,2888.636363636364
Sarjapur  Road,1272.5,2.0,40.72,3,3200.0
7th Phase JP Nagar,1000.0,2.0,61.0,2,6100.0
Budigere,1820.0,3.0,85.4,3,4692.307692307692
Bisuvanahalli,1075.0,2.0,41.0,3,3813.953488372093
TC Palaya,1500.0,3.0,83.0,3,5533.333333333333
Electronics City Phase 1,360.0,1.0,16.9,1,4694.444444444443
Kadugodi,925.0,1.0,40.7,1,4400.000000000001
Electronic City,1140.0,2.0,70.93,2,6221.9298245614045
Chennammana Kere,1145.0,2.0,58.4,2,5100.436681222707
RMV Extension Stage 2,1862.0,3.0,120.0,3,6444.68313641246
 Devarachikkanahalli,947.0,2.0,43.0,2,4540.654699049631
Chandra Layout,700.0,3.0,195.0,3,27857.14285714286
Kalena Agrahara,1120.0,2.0,40.0,2,3571.4285714285716
Sadanand Nagar,2700.0,3.0,200.0,3,7407.407407407408
Kaggadasapura,1805.0,2.0,75.0,3,4155.124653739612
Basavangudi,1100.0,2.0,93.0,2,8454.545454545454
Bommenahalli,1355.0,3.0,135.0,4,9963.09963099631
"Whietfield, ",1677.0,3.0,98.0,3,5843.768634466309
Hosapalya,2500.0,8.0,95.0,8,3800.0
Uttarahalli,1560.0,3.0,74.0,3,4743.589743589743
Arekere,2060.0,3.0,150.0,3,7281.553398058252
Koramangala,1716.0,2.0,115.0,3,6701.631701631702
Harlur,1864.0,3.0,140.0,3,7510.729613733905
Electronics City Phase 1,638.0,1.0,32.0,1,5015.673981191223
Sidedahalli,1200.0,7.0,95.0,9,7916.666666666667
Kodigehalli,1150.0,9.0,170.0,8,14782.608695652174
Chandapura,937.0,2.0,30.0,2,3201.7075773745996
Hennur Gardens,1490.0,2.0,115.0,3,7718.120805369127
Frazer Town,4856.0,5.0,410.0,4,8443.163097199342
Whitefield,4003.0,6.0,525.0,4,13115.16362727954
Whitefield,1100.0,2.0,37.0,2,3363.6363636363635
Thigalarapalya,1000.0,2.0,48.53,2,4853.0
Horamavu Agara,1060.0,2.0,37.0,2,3490.566037735849
Kundalahalli,1047.0,2.0,91.0,2,8691.499522445081
Basaveshwara Nagar,1200.0,2.0,80.0,2,6666.666666666667
Akshaya Nagar,1420.0,2.0,75.0,3,5281.69014084507
Sarjapur  Road,1539.0,3.0,85.0,3,5523.066926575699
Tejaswini Nagar,1550.0,3.0,59.0,3,3806.451612903226
Kasavanhalli,1555.0,3.0,82.0,3,5273.311897106109
BTM Layout 1stage 9th Main,600.0,6.0,138.0,7,23000.0
Seegehalli,1553.0,3.0,68.0,3,4378.62202189311
Electronic City Phase II,920.0,2.0,26.0,2,2826.086956521739
Jeevan bima nagar,1740.0,3.0,120.0,3,6896.551724137931
OMBR Layout,1855.0,3.0,145.0,3,7816.711590296496
Kundalahalli,1724.0,3.0,146.0,3,8468.677494199535
B Narayanapura,1020.0,2.0,60.0,2,5882.35294117647
Banaswadi,1000.0,4.0,150.0,6,15000.0
Uttarahalli,1250.0,2.0,50.0,3,4000.0
Sanjay nagar,1450.0,3.0,75.0,3,5172.413793103448
Thubarahalli,1200.0,2.0,80.0,2,6666.666666666667
Haralur Road,1140.0,2.0,58.0,2,5087.7192982456145
Hoskote,900.0,5.0,110.0,5,12222.222222222223
Basava Nagar,550.0,1.0,16.0,1,2909.090909090909
Bannerghatta Road,1450.0,3.0,44.0,3,3034.4827586206898
Kanakpura Road,700.0,2.0,35.07,2,5010.0
Whitefield,1200.0,3.0,56.0,3,4666.666666666667
Yelahanka,1050.0,2.0,45.0,2,4285.714285714285
Somasundara Palya,1600.0,3.0,69.0,3,4312.5
Bannerghatta Road,1625.0,2.0,75.0,3,4615.384615384615
Volagerekallahalli,1492.0,2.0,65.0,2,4356.56836461126
Whitefield,2856.0,5.0,157.5,4,5514.705882352941
Sarjapur  Road,1489.0,2.0,82.0,3,5507.051712558764
Kanakapura,1560.0,2.0,62.38,3,3998.7179487179487
Haralur Road,1140.0,2.0,42.0,2,3684.2105263157896
Lavakusha Nagar,1431.0,3.0,65.0,3,4542.278127183788
Lingadheeranahalli,1682.0,3.0,114.0,3,6777.645659928657
Panathur,1198.0,2.0,86.26,2,7200.33388981636
Outer Ring Road East,3664.0,3.0,325.0,3,8870.087336244542
Sarjapur  Road,1550.0,2.0,69.75,3,4500.0
Kodichikkanahalli,1026.0,2.0,45.0,2,4385.964912280701
Hennur,1260.0,2.0,52.0,3,4126.984126984127
Singanayakanahalli,690.0,2.0,42.0,2,6086.95652173913
Sarjapur  Road,539.0,1.0,45.0,1,8348.794063079777
Sarakki Nagar,1200.0,4.0,85.0,4,7083.333333333333
Attibele,2400.0,3.0,120.0,3,5000.0
Thubarahalli,1200.0,2.0,79.55,2,6629.166666666667
Kundalahalli,2500.0,5.0,350.0,4,14000.0
Sarjapur  Road,1186.0,2.0,40.0,3,3372.681281618887
Thanisandra,1039.0,2.0,39.5,2,3801.732435033686
Mahalakshmi Puram,1500.0,5.0,233.0,4,15533.333333333334
Gottigere,1500.0,4.0,100.0,5,6666.666666666667
Malleshwaram,2520.0,3.0,150.0,3,5952.380952380952
Brookefield,1225.0,2.0,66.5,2,5428.571428571428
Bommanahalli,1350.0,2.0,72.0,2,5333.333333333333
Vittal Mallya Road,1030.0,2.0,300.0,2,29126.21359223301
Whitefield,1550.0,2.0,49.6,3,3200.0
Hoodi,1490.0,3.0,79.0,3,5302.013422818792
Brindavan Nagar,1520.0,3.0,111.0,3,7302.631578947368
Whitefield,4100.0,4.0,550.0,4,13414.634146341463
Dena Bank Colony,1391.0,2.0,64.5,3,4636.951833213516
Rachenahalli,1200.0,2.0,50.0,2,4166.666666666667
Kadabagere,1200.0,4.0,86.0,4,7166.666666666667
1st Block HBR Layout,2500.0,6.0,500.0,5,20000.0
Yelahanka,1322.0,2.0,80.0,2,6051.437216338881
Whitefield,2173.0,3.0,128.0,3,5890.473999079613
Sarjapur  Road,1200.0,2.0,75.0,2,6250.0
Thubarahalli,1200.0,2.0,47.0,2,3916.6666666666665
Mysore Road,1170.0,2.0,65.0,2,5555.555555555556
NRI Layout,1125.0,2.0,45.56,2,4049.777777777778
Devanahalli,698.5,1.0,28.57,1,4090.1932712956336
Seetharampalya,1250.0,2.0,90.0,2,7200.0
Chandapura,1025.0,2.0,27.68,2,2700.487804878049
Yelahanka,1075.0,2.0,36.0,3,3348.8372093023254
High grounds,1900.0,2.0,190.0,3,10000.0
Whitefield,1435.0,3.0,45.0,3,3135.8885017421603
Electronics City Phase 1,1175.0,2.0,64.98,2,5530.212765957447
KUDLU MAIN ROAD,1464.0,3.0,56.0,3,3825.136612021858
Doddabidrakallu,900.0,2.0,33.0,2,3666.6666666666665
Electronics City Phase 1,585.0,1.0,21.0,1,3589.74358974359
Jigani,3170.0,5.0,230.0,4,7255.520504731861
Shanti Nagar,1602.0,2.0,170.0,3,10611.735330836455
Thanisandra,1220.0,2.0,42.0,2,3442.622950819672
Rajaji Nagar,2500.0,3.0,350.0,3,14000.0
Sarjapur  Road,2145.0,3.0,180.0,3,8391.608391608392
Bannerghatta Road,960.0,2.0,58.0,2,6041.666666666667
NGR Layout,907.0,1.0,38.0,1,4189.636163175303
Old Madras Road,1210.0,2.0,74.0,2,6115.702479338843
Kammanahalli,900.0,4.0,150.0,4,16666.666666666668
Jnana Ganga Nagar,1230.0,2.0,70.0,2,5691.056910569106
5th Phase JP Nagar,1350.0,2.0,75.0,3,5555.555555555556
Kenchenahalli,1150.0,2.0,58.0,2,5043.478260869565
Sarjapur,1404.0,2.0,53.35,3,3799.8575498575497
OMBR Layout,1050.0,2.0,48.0,2,4571.428571428572
Kothanur,1020.0,10.0,155.0,8,15196.078431372549
Yelahanka,1285.0,2.0,56.0,2,4357.976653696498
Hormavu,1018.0,2.0,50.8,2,4990.176817288801
Hoskote,1200.0,3.0,57.0,3,4750.0
Sarjapur  Road,1115.0,2.0,50.0,2,4484.304932735426
Ejipura,1600.0,3.0,95.0,3,5937.5
9th Phase JP Nagar,1480.0,2.0,80.0,2,5405.405405405405
Kodichikkanahalli,2500.0,7.0,125.0,5,5000.0
Kaval Byrasandra,480.0,1.0,25.0,1,5208.333333333333
Akshaya Nagar,1435.0,3.0,53.0,3,3693.3797909407667
Lingarajapuram,450.0,1.0,60.0,1,13333.333333333334
Austin Town,600.0,2.0,23.0,1,3833.3333333333335
CV Raman Nagar,1590.0,2.0,85.0,3,5345.911949685535
Nagavara,936.0,2.0,40.2,2,4294.871794871795
Banashankari,1181.0,2.0,75.0,2,6350.550381033023
Kengeri,1741.0,3.0,80.0,3,4595.060310166571
JP Nagar,1750.0,3.0,123.0,3,7028.571428571428
Varthur Road,1050.0,2.0,42.7,2,4066.6666666666665
Tumkur Road,1027.0,2.0,60.0,2,5842.259006815969
Geleyara Balaga Layout,596.0,2.0,22.0,2,3691.2751677852348
Dollar Scheme Colony,3463.0,6.0,310.0,4,8951.775916835115
Sector 2 HSR Layout,1600.0,3.0,70.0,3,4375.0
Hebbal,2790.0,5.0,198.0,4,7096.774193548387
Sahakara Nagar,1000.0,2.0,60.0,2,6000.0
Varthur,1120.0,2.0,44.24,2,3950.0
Jinkethimmanahalli,1200.0,2.0,85.0,2,7083.333333333333
Kothnoor Dinne,1200.0,2.0,35.0,2,2916.6666666666665
Kasturi Nagar,1570.0,3.0,110.0,3,7006.369426751592
Koramangala,1500.0,3.0,135.0,3,9000.0
Frazer Town,1315.0,2.0,140.0,2,10646.38783269962
Electronic City Phase II,1140.0,2.0,33.84,2,2968.421052631579
Banashankari,1105.0,2.0,90.0,2,8144.796380090498
Electronic City,1200.0,2.0,34.65,2,2887.5
Whitefield,905.0,1.0,62.0,1,6850.828729281768
HSR Layout,2400.0,4.0,350.0,4,14583.333333333334
Kudlu Gate,1185.0,2.0,50.0,2,4219.4092827004215
Koramangala,1083.0,2.0,100.0,2,9233.610341643584
Rayasandra,1458.0,3.0,60.0,3,4115.22633744856
Hormavu,1555.0,3.0,75.0,3,4823.15112540193
Devi Nagar,1200.0,2.0,45.0,2,3750.0
Sarjapur  Road,1308.0,2.0,58.86,2,4500.0
Kudlu,1024.0,2.0,44.0,2,4296.875
Parappana Agrahara,1194.0,2.0,47.0,2,3936.348408710218
Kanakapura,1450.0,3.0,75.0,3,5172.413793103448
Seegehalli,1639.0,3.0,120.0,3,7321.537522879805
Whitefield,1870.0,3.0,138.0,3,7379.679144385027
Hennur Road,1232.0,2.0,87.0,2,7061.688311688312
Kasavanhalli,1719.0,3.0,184.0,3,10703.89761489238
Chandapura,975.0,2.0,24.86,2,2549.74358974359
New Gurappana Palya,2000.0,4.0,130.0,3,6500.0
Jakkur,1230.0,2.0,79.0,2,6422.764227642277
Guddadahalli,1350.0,4.0,140.0,4,10370.37037037037
KR Puram,1076.0,2.0,67.0,2,6226.7657992565055
Kumaraswami Layout,2400.0,7.0,125.0,7,5208.333333333333
Vasanthpura,995.0,2.0,34.82,3,3499.497487437186
Kodigehaali,2120.0,3.0,177.0,3,8349.056603773584
Kasthuri Nagar East Of NGEF,2400.0,7.0,460.0,6,19166.666666666668
Chikka Gowdanapalya.,850.0,6.0,78.0,6,9176.470588235294
Electronic City,1096.0,2.0,40.55,2,3699.8175182481746
Horamavu Agara,1107.83,2.0,41.51,2,3746.964787016059
Chamrajpet,505.0,1.0,85.0,1,16831.68316831683
Sarjapur  Road,1320.0,2.0,115.0,2,8712.121212121212
8th Phase JP Nagar,1431.5,3.0,72.02,3,5031.086273140063
Whitefield,1320.0,2.0,99.26,2,7519.69696969697
Whitefield,2901.0,4.0,190.0,3,6549.465701482248
GM Palaya,1315.0,2.0,65.0,3,4942.9657794676805
VGP Layout,1000.0,2.0,44.0,2,4400.0
Hosakerehalli,1596.0,3.0,79.8,3,5000.0
Bannerghatta Road,1750.0,3.0,130.0,3,7428.571428571428
Whitefield,2403.0,4.0,270.0,4,11235.955056179775
Old Madras Road,1350.0,3.0,47.25,3,3500.0
"TR Mill Road, Chamarajpet",1175.0,2.0,79.0,2,6723.404255319149
Talaghattapura,921.0,2.0,29.47,2,3199.782844733985
Malleshwaram,4000.0,4.0,1100.0,4,27500.0
Sultan Palaya,1713.0,3.0,125.0,3,7297.139521307648
Ittamadu,1200.0,2.0,43.0,2,3583.3333333333335
8th Phase JP Nagar,1900.0,4.0,90.0,3,4736.8421052631575
Kudlu Gate,1664.0,3.0,68.0,3,4086.5384615384614
Binny Pete,1795.0,3.0,139.0,3,7743.732590529248
Kereguddadahalli,600.0,1.0,19.5,1,3250.0
Hoodi,1240.0,2.0,65.0,2,5241.935483870968
Hegde Nagar,1965.0,4.0,132.0,3,6717.557251908397
Vishveshwarya Layout,600.0,4.0,99.0,3,16500.0
Sarjapur,4111.0,4.0,370.0,4,9000.243249817562
Electronics City Phase 1,1200.0,2.0,59.76,2,4980.0
Ganga Nagar,1112.0,2.0,68.0,2,6115.107913669065
Raja Rajeshwari Nagar,3000.0,3.0,60.0,3,2000.0
Mahadevpura,1136.0,2.0,64.5,2,5677.816901408451
Jigani,914.0,2.0,55.0,2,6017.505470459519
Poorna Pragna Layout,1270.0,2.0,50.79,3,3999.212598425197
Rachenahalli,1050.0,2.0,47.25,2,4500.0
Marathahalli,1385.0,2.0,68.5,3,4945.848375451264
Medahalli,990.0,2.0,35.0,2,3535.3535353535353
Yelahanka,845.0,2.0,43.0,2,5088.757396449704
Whitefield,1485.0,2.0,96.51,2,6498.989898989899
Kanakapura,1460.0,2.0,43.79,3,2999.3150684931506
Thanisandra,1450.0,2.0,57.0,2,3931.0344827586205
HSR Layout,1360.0,2.0,53.0,3,3897.0588235294117
Singasandra,1375.0,2.0,58.0,2,4218.181818181818
Uttarahalli,1125.0,2.0,48.0,2,4266.666666666667
Banashankari,720.0,1.0,60.0,1,8333.333333333334
7th Phase JP Nagar,1460.0,2.0,100.0,3,6849.315068493151
Green View Layout,1107.0,2.0,40.0,2,3613.369467028004
Maruthi Nagar,1158.0,2.0,75.0,2,6476.683937823835
Yelachenahalli,800.0,1.0,30.0,2,3750.0
Sector 2 HSR Layout,600.0,9.0,90.0,9,15000.0
Bhoganhalli,1760.0,3.0,128.0,3,7272.727272727273
Nandi Hills,3200.0,4.0,200.0,4,6250.0
HAL 2nd Stage,600.0,3.0,145.0,2,24166.666666666668
TC Palaya,1350.0,3.0,60.0,3,4444.444444444444
Giri Nagar,600.0,6.0,100.0,6,16666.666666666668
Huskur,1125.0,2.0,32.49,2,2888.0
Frazer Town,1706.0,3.0,154.0,3,9026.963657678782
BTM Layout,1600.0,3.0,112.0,3,7000.0
Ramesh Nagar,1200.0,2.0,90.0,2,7500.0
Whitefield,1755.0,3.0,101.0,3,5754.985754985755
Hulimavu,1200.0,2.0,50.0,2,4166.666666666667
BEML Layout,1200.0,2.0,67.0,2,5583.333333333333
Chokkanahalli,1266.67,2.0,69.0,2,5447.3540859103
Kariyammana Agrahara,1800.0,3.0,90.0,3,5000.0
Sector 7 HSR Layout,1200.0,4.0,275.0,3,22916.666666666668
2nd Phase Judicial Layout,1300.0,3.0,64.0,3,4923.076923076923
Nirman Layout,800.0,3.0,60.0,3,7500.0
Whitefield,4800.0,5.0,550.0,4,11458.333333333334
Mysore Road,1029.5,2.0,50.855,2,4939.776590577951
Raja Rajeshwari Nagar,1128.0,2.0,40.0,2,3546.099290780142
NS Palya,2000.0,2.0,160.0,2,8000.0
Panathur,1210.0,2.0,80.0,2,6611.570247933884
Arekere,2710.0,6.0,142.0,4,5239.852398523985
Raja Rajeshwari Nagar,1151.0,2.0,39.0,2,3388.3579496090356
Rajaji Nagar,7500.0,8.0,1700.0,5,22666.666666666668
HOSUR MAIN ROAD,1464.0,3.0,56.0,3,3825.136612021858
Electronic City,1017.0,2.0,27.0,2,2654.8672566371683
Sarjapur  Road,920.0,2.0,40.0,2,4347.826086956522
HRBR Layout,1200.0,3.0,180.0,4,15000.0
Nyanappana Halli,1000.0,5.0,140.0,5,14000.0
Munnekollal,1750.0,3.0,86.5,3,4942.857142857143
Dasanapura,1163.0,2.0,65.0,2,5588.993981083405
7th Phase JP Nagar,1650.0,3.0,110.0,3,6666.666666666667
Kundalahalli Colony,1800.0,3.0,95.0,3,5277.777777777777
CV Raman Nagar,1100.0,2.0,58.0,2,5272.727272727273
R.T. Nagar,1200.0,2.0,60.0,2,5000.0
Ganga Nagar,1410.0,3.0,65.0,3,4609.929078014185
Begur Road,1933.0,3.0,98.0,3,5069.839627521987
Begur Road,1200.0,2.0,45.6,2,3800.0
Whitefield,1608.0,2.0,63.0,3,3917.910447761194
Jakkasandra Extension,2679.0,5.0,280.0,4,10451.661067562523
Horamavu Banaswadi,1156.0,2.0,46.9,2,4057.093425605536
T.C PALYA,1230.0,2.0,75.0,2,6097.5609756097565
Kasavanhalli,770.0,1.0,43.82,1,5690.909090909091
Ardendale,1777.26,3.0,105.0,3,5907.970696465346
Kanakpura Road,1339.0,2.0,85.0,2,6348.020911127707
Sarjapur  Road,3044.0,3.0,183.0,3,6011.826544021025
Chennappa Layout,1080.0,2.0,44.8,2,4148.148148148148
Doddabommasandra,3150.0,5.0,145.0,8,4603.174603174603
Nagadevanahalli,2400.0,2.0,135.0,2,5625.0
Hulimavu,1450.0,3.0,72.0,3,4965.517241379311
Kothanur,1075.0,2.0,53.0,2,4930.232558139535
Sarjapur  Road,1163.0,2.0,62.0,3,5331.04041272571
TC Palaya,1200.0,2.0,65.0,2,5416.666666666667
Kattigenahalli,1200.0,8.0,135.0,8,11250.0
Marathahalli,3090.0,4.0,325.0,4,10517.79935275081
Hebbal,1299.0,2.0,100.0,2,7698.229407236336
Electronic City,1130.0,2.0,32.63,2,2887.610619469027
HRBR Layout,1170.0,2.0,75.0,2,6410.25641025641
Yelahanka,2600.0,4.0,175.0,4,6730.7692307692305
KR Puram,1140.0,2.0,43.32,2,3800.0
Kanakpura Road,1900.0,3.0,125.0,3,6578.9473684210525
Bommasandra Industrial Area,1090.0,2.0,31.48,2,2888.0733944954127
Electronic City,1110.0,2.0,39.95,2,3599.0990990990995
Nagavarapalya,705.0,1.0,57.0,1,8085.106382978724
HBR Layout,1089.0,2.0,60.0,2,5509.641873278237
tc.palya,880.0,2.0,48.0,2,5454.545454545455
Kereguddadahalli,1080.0,2.0,32.0,2,2962.962962962963
Thanisandra,1093.0,2.0,68.1,2,6230.558096980786
Banashankari Stage III,1480.0,3.0,75.48,3,5100.0
Hegde Nagar,1703.0,3.0,125.0,3,7339.988256018791
Hebbal,1200.0,2.0,60.0,2,5000.0
Marathahalli,1690.0,3.0,116.0,3,6863.905325443787
Yelahanka,1305.0,2.0,78.0,2,5977.0114942528735
Talaghattapura,1257.0,2.0,40.22,3,3199.6817820206843
Subash Nagar,1150.0,2.0,45.0,2,3913.0434782608695
Stage-4 Bommanahalli,1194.0,2.0,55.0,2,4606.365159128978
Chokkahalli,2000.0,3.0,90.0,3,4500.0
Anekal,1500.0,4.0,99.0,3,6600.0
Bellari Road,1025.0,2.0,42.5,2,4146.341463414634
Horamavu Agara,980.0,2.0,38.19,2,3896.938775510204
Hosakerehalli,1200.0,2.0,100.0,3,8333.333333333334
Whitefield,2225.0,3.0,149.0,3,6696.6292134831465
Ashirvad Colony,1022.0,2.0,57.0,2,5577.2994129158515
Sidedahalli,882.0,3.0,72.0,4,8163.265306122449
Narayanapura,1153.0,2.0,45.0,2,3902.8620988725065
Pai Layout,1175.0,2.0,60.0,2,5106.382978723404
Vidyaranyapura,1560.0,3.0,68.0,3,4358.974358974359
Yelahanka New Town,650.0,1.0,17.0,1,2615.3846153846152
Vishwapriya Nagar,600.0,3.0,65.0,3,10833.333333333334
Billekahalli,1350.0,3.0,55.0,2,4074.074074074074
Akshya Nagar,1200.0,2.0,76.0,2,6333.333333333333
Telecom Layout,1200.0,1.0,54.0,2,4500.0
Chandapura,800.0,2.0,25.0,2,3125.0
Electronic City,2093.0,4.0,104.0,4,4968.944099378882
Uttarahalli,1320.0,2.0,55.44,3,4200.0
Bannerghatta Road,1275.0,2.0,73.0,2,5725.490196078431
Begur Road,1215.0,2.0,43.13,2,3549.794238683128
Kanakapura,1130.0,2.0,45.2,2,4000.0
Begur Road,1444.0,2.0,71.5,3,4951.523545706371
Vikram Nagar,950.0,2.0,38.0,2,4000.0
Padmanabhanagar,1000.0,1.0,90.0,2,9000.0
Banashankari Stage II,1240.0,2.0,59.52,3,4800.0
2nd Stage Nagarbhavi,600.0,4.0,125.0,4,20833.333333333332
Hennur,1231.0,2.0,50.0,2,4061.7384240454917
Benson Town,1300.0,2.0,120.0,2,9230.76923076923
Yeshwanthpur,1713.0,3.0,110.0,3,6421.482778750729
Kogilu,1200.0,2.0,53.33,2,4444.166666666667
Sarjapur  Road,3004.0,4.0,158.0,3,5259.65379494008
Sonnenahalli,1310.0,2.0,46.0,3,3511.4503816793895
Jalahalli,790.0,2.0,49.5,2,6265.822784810127
Koramangala,1744.0,3.0,200.0,3,11467.88990825688
Amblipura,1605.0,3.0,100.0,3,6230.529595015576
Whitefield,1250.0,2.0,82.0,2,6560.0
Malleshwaram,2476.0,3.0,337.0,3,13610.662358642972
Subramanyapura,1260.0,2.0,76.0,3,6031.746031746032
Rajaji Nagar,1615.0,3.0,175.0,3,10835.913312693498
Yelahanka,1180.0,2.0,56.0,2,4745.762711864407
Uttarahalli,1255.0,2.0,50.19,3,3999.203187250996
Electronic City,1025.0,2.0,53.9,2,5258.536585365854
Sarjapur  Road,1877.0,4.0,150.0,3,7991.475759190197
Lakshminarayana Pura,1649.0,3.0,150.0,3,9096.422073984233
5th Block Hbr Layout,2600.0,12.0,675.0,9,25961.53846153846
Hennur,2500.0,5.0,125.0,5,5000.0
Doddakammanahalli,1542.0,3.0,98.0,3,6355.38261997406
Thigalarapalya,1418.0,2.0,105.0,2,7404.795486600846
Sarvabhouma Nagar,1012.0,2.0,42.0,2,4150.197628458498
Chandapura,1200.0,2.0,65.0,2,5416.666666666667
Sarjapur  Road,1115.0,2.0,43.0,2,3856.5022421524664
Green Glen Layout,1680.0,4.0,95.0,3,5654.761904761905
Old Madras Road,1171.0,2.0,72.0,2,6148.590947907771
Tumkur Road,1027.0,2.0,68.62,2,6681.596884128529
Shampura,1700.0,3.0,75.0,3,4411.764705882353
Kanakapura,1090.0,2.0,38.15,2,3500.0
Hennur Road,1232.0,2.0,74.0,2,6006.493506493506
Anekal,766.0,2.0,28.0,2,3655.3524804177546
Banashankari Stage III,1200.0,5.0,180.0,5,15000.0
Kanakpura Road,525.0,1.0,27.0,1,5142.857142857143
JP Nagar,1452.0,2.0,41.0,3,2823.6914600550963
Choodasandra,1254.0,2.0,65.0,3,5183.413078149921
MS Pallya,3600.0,5.0,110.0,5,3055.5555555555557
Kanakpura Road,1593.0,3.0,118.0,3,7407.407407407408
ITI Layout,1333.0,2.0,77.27,2,5796.699174793698
Herohalli,1100.0,3.0,110.0,3,10000.0
Raja Rajeshwari Nagar,1375.0,2.0,54.99,3,3999.2727272727275
Ardendale,1650.0,3.0,82.0,3,4969.69696969697
Thanisandra,1430.0,2.0,51.48,3,3600.0
Electronic City,940.0,2.0,54.0,2,5744.68085106383
Electronic City,435.0,1.0,21.0,1,4827.586206896552
Begur Road,1160.0,2.0,36.54,2,3150.0
Electronic City,1500.0,2.0,77.5,3,5166.666666666667
Koramangala,1890.0,2.0,100.0,3,5291.005291005291
Doopanahalli,1050.0,2.0,70.0,2,6666.666666666667
Singasandra,1200.0,6.0,220.0,6,18333.333333333332
Haralur Road,1027.0,2.0,43.0,2,4186.952288218111
Seegehalli,3000.0,4.0,235.0,3,7833.333333333333
Tumkur Road,1459.0,2.0,95.0,3,6511.3091158327625
Yelahanka,1711.0,3.0,85.61,3,5003.506721215664
Hoodi,1250.0,2.0,98.0,2,7840.0
Chandapura,645.0,1.0,16.45,1,2550.3875968992247
Anandapura,875.0,2.0,57.0,2,6514.285714285715
Ramamurthy Nagar,1334.0,2.0,67.0,2,5022.488755622189
Huskur,1140.0,2.0,32.92,2,2887.719298245614
Sarjapur  Road,1115.0,2.0,50.0,2,4484.304932735426
Amruthahalli,1200.0,5.0,200.0,3,16666.666666666668
Rajaji Nagar,1776.0,3.0,190.0,3,10698.198198198199
Thigalarapalya,2072.0,4.0,160.0,3,7722.007722007722
Kundalahalli,1600.0,3.0,170.0,3,10625.0
Lakshmi Layout,1200.0,4.0,115.0,6,9583.333333333334
Kengeri Satellite Town,920.0,2.0,39.0,2,4239.130434782609
Chandapura,778.0,2.0,25.29,2,3250.642673521851
Nagasandra,1310.0,3.0,95.0,4,7251.908396946565
Electronic City,1631.0,3.0,80.0,3,4904.9662783568365
Kanakpura Road,525.0,1.0,27.5,1,5238.0952380952385
Jalahalli,1395.0,3.0,82.0,3,5878.136200716845
Devi Nagar,2000.0,3.0,105.0,3,5250.0
Hennur Road,1232.0,2.0,66.0,2,5357.142857142857
Virupakshapura,1075.0,2.0,55.0,2,5116.279069767442
Gubbalala,1205.0,2.0,70.0,2,5809.128630705394
Muthyala Nagar,1200.0,4.0,165.0,4,13750.0
Rajiv Nagar,2340.0,5.0,129.0,4,5512.820512820513
Rayasandra,1179.0,2.0,55.0,3,4664.970313825275
Kodigehaali,1013.0,2.0,51.0,2,5034.550839091807
Uttarahalli,1160.0,2.0,40.6,2,3500.0
7th Phase JP Nagar,1200.0,2.0,62.5,2,5208.333333333333
Nrupathunga Nagar,1200.0,5.0,80.0,7,6666.666666666667
Uttarahalli,1255.0,2.0,50.19,3,3999.203187250996
Richmond Town,1100.0,2.0,145.0,3,13181.818181818182
Samethanahalli,1069.0,2.0,55.0,2,5144.9953227315245
Kyalasanahalli,1200.0,3.0,99.0,3,8250.0
Kudlu Gate,1400.0,1.0,285.0,1,20357.14285714286
Marathahalli,1065.0,2.0,55.0,2,5164.319248826291
Lakshminarayana Pura,1395.0,2.0,75.0,2,5376.344086021505
Hebbal Kempapura,1725.0,2.0,165.0,3,9565.217391304348
Coconut Grove Layout,1007.0,2.0,43.0,2,4270.109235352532
Kengeri,1436.0,2.0,55.0,3,3830.08356545961
Amrita Nagar,4250.0,6.0,150.0,6,3529.4117647058824
Hebbal,1645.0,3.0,117.0,3,7112.462006079028
Kengeri,1200.0,2.0,58.0,2,4833.333333333333
Mysore Road,940.0,2.0,43.61,2,4639.36170212766
KR Puram,4300.0,6.0,175.0,6,4069.767441860465
Hebbal,2850.0,5.0,343.0,3,12035.087719298246
Indira Nagar,1740.0,3.0,191.0,3,10977.011494252874
Haralur Road,1194.0,2.0,47.0,2,3936.348408710218
Sadashiva Nagar,3761.0,3.0,650.0,3,17282.637596383942
Dodda Nekkundi,1829.0,3.0,125.0,3,6834.3357025697105
Whitefield,1800.0,4.0,178.0,4,9888.888888888889
Austin Town,1000.0,2.0,60.0,2,6000.0
Venkatapura,5720.0,3.0,350.0,3,6118.881118881119
Vignana Nagar,800.0,4.0,98.0,5,12250.0
Kadabagere,675.0,1.0,15.0,2,2222.222222222222
Hebbal,1390.0,2.0,95.0,2,6834.53237410072
Lakshminarayana Pura,1500.0,3.0,104.0,3,6933.333333333333
Vijayanagar,2047.0,3.0,136.0,3,6643.869076697606
Jakkur,1202.0,2.0,79.0,2,6572.379367720466
Kodbisanhalli,1012.0,2.0,59.0,2,5830.0395256917
Gunjur,2132.0,3.0,80.0,3,3752.34521575985
Raja Rajeshwari Nagar,1350.0,4.0,340.0,4,25185.185185185186
Whitefield,605.0,1.0,40.0,1,6611.570247933884
Harlur,1331.0,2.0,88.0,2,6611.570247933884
Margondanahalli,1200.0,2.0,69.0,2,5750.0
Kumara Park,1150.0,2.0,250.0,2,21739.130434782608
Sahakara Nagar,1200.0,2.0,136.0,2,11333.333333333334
Anand Nagar,1800.0,2.0,300.0,2,16666.666666666668
Kammanahalli,600.0,2.0,50.0,3,8333.333333333334
Akshaya Vana,1280.0,2.0,49.0,3,3828.125
Balagere,1007.0,2.0,62.0,2,6156.901688182721
Thanisandra,1370.0,2.0,61.0,3,4452.554744525547
Kalkere,925.0,2.0,35.0,2,3783.7837837837837
TC Palaya,1500.0,2.0,75.0,2,5000.0
Attibele,450.0,1.0,12.5,1,2777.777777777778
Peenya,1200.0,4.0,140.0,4,11666.666666666666
Hennur Road,1341.0,2.0,95.0,2,7084.265473527218
2nd Phase Judicial Layout,1350.0,2.0,47.25,3,3500.0
Tumkur Road,992.0,2.0,60.0,2,6048.387096774193
Uttarahalli,1163.0,2.0,68.0,2,5846.947549441101
Sarjapur  Road,1229.0,2.0,70.0,2,5695.6875508543535
Gowdanapalya,600.0,2.0,39.0,2,6500.0
Electronic City Phase II,1219.0,2.0,61.26,2,5025.430680885972
Raja Rajeshwari Nagar,1525.0,2.0,99.13,3,6500.327868852459
Kasavanhalli,1147.0,2.0,60.0,2,5231.037489102006
Akshaya Nagar,1412.0,2.0,88.0,3,6232.294617563739
Munnekollal,1200.0,9.0,215.0,9,17916.666666666668
Sarjapur  Road,1044.0,2.0,34.77,2,3330.459770114943
Nagarbhavi,1190.0,2.0,63.0,2,5294.117647058823
Nagadevanahalli,1240.0,2.0,65.0,3,5241.935483870968
Jigani,1352.0,3.0,65.0,3,4807.692307692308
Ashwathnagar,1100.0,2.0,55.0,2,5000.0
Uttarahalli,1330.0,2.0,39.9,3,3000.0
RR Layout,1700.0,3.0,111.0,3,6529.411764705882
Electronic City,1355.0,2.0,67.0,2,4944.649446494465
Ramamurthy Nagar,1200.0,2.0,46.0,2,3833.3333333333335
Kengeri,400.0,2.0,25.0,1,6250.0
Sarjapur  Road,1342.0,2.0,70.0,2,5216.095380029807
Begur Road,1615.0,3.0,50.87,3,3149.84520123839
Vinayaka Nagar,1340.0,2.0,65.0,2,4850.746268656716
Jakkuru Layout,1200.0,2.0,54.0,2,4500.0
Yeshwanthpur,400.0,1.0,55.0,1,13750.0
Devanahalli,1080.0,2.0,52.0,2,4814.814814814815
Gollahalli,1600.0,2.0,31.0,2,1937.5
Electronic City,1200.0,2.0,34.0,2,2833.3333333333335
Hennur Road,2700.0,3.0,150.0,3,5555.555555555556
Billapura,1780.0,3.0,110.0,3,6179.775280898876
Amruthahalli,1605.0,3.0,65.0,3,4049.8442367601247
Ulsoor,7200.0,5.0,1584.0,4,22000.0
Doddabommasandra,646.0,2.0,65.0,3,10061.919504643964
Kammanahalli,1200.0,2.0,80.0,2,6666.666666666667
Margondanahalli,900.0,2.0,49.0,2,5444.444444444444
Sarjapur,1830.0,3.0,88.0,3,4808.743169398907
Vishwapriya Layout,690.0,4.0,83.0,5,12028.985507246376
Srirampuram,650.0,1.0,500.0,1,76923.07692307692
MS Pallya,1800.0,4.0,68.0,5,3777.777777777778
Chandapura,715.0,2.0,32.0,3,4475.524475524476
Chandapura,1230.0,2.0,31.37,3,2550.4065040650407
Uttarahalli,1065.0,2.0,42.59,2,3999.06103286385
2nd Phase JP Nagar,1350.0,8.0,185.0,8,13703.703703703704
Srinagar,1080.0,3.0,149.0,3,13796.296296296296
KHB Colony Extension,900.0,2.0,65.0,3,7222.222222222223
Devasthanagalu,946.0,2.0,45.0,2,4756.871035940803
Laggere,1500.0,1.0,60.0,1,4000.0
Sarjapur  Road,1711.0,3.0,110.0,3,6428.988895382817
Attur Layout,1200.0,3.0,160.0,4,13333.333333333334
Chandapura,950.0,2.0,25.65,2,2700.0
Kudlu Gate,1656.0,3.0,80.0,3,4830.917874396136
Uttarahalli,1075.0,2.0,46.76,2,4349.767441860465
Harlur,1752.12,3.0,133.0,3,7590.80428281168
Hebbal,6000.0,8.0,220.0,8,3666.6666666666665
Kaverappa Layout,1540.0,3.0,85.0,3,5519.480519480519
6th Phase JP Nagar,600.0,4.0,125.0,4,20833.333333333332
LB Shastri Nagar,665.0,1.0,32.0,1,4812.0300751879695
Sector 2 HSR Layout,1665.0,3.0,110.0,3,6606.606606606607
Electronics City Phase 1,1145.0,2.0,54.0,2,4716.157205240174
Whitefield,1185.0,2.0,41.0,2,3459.915611814346
2nd Phase JP Nagar,1200.0,3.0,190.0,3,15833.333333333334
Marathahalli,1693.0,3.0,125.0,3,7383.343177790904
Dollars Layout,2456.0,3.0,220.0,3,8957.654723127036
Rajaji Nagar,2559.0,3.0,403.0,3,15748.339194998047
Uttarahalli,1155.0,2.0,40.6,2,3515.151515151515
Divya Unnathi Layout,1610.0,2.0,64.4,3,4000.0000000000005
Whitefield,1200.0,3.0,56.58,3,4715.0
Anjana Nagar,1530.0,2.0,185.0,2,12091.503267973856
EPIP Zone,1709.0,3.0,80.0,3,4681.100058513751
Amruthahalli,600.0,4.0,60.0,4,10000.0
Brookefield,2700.0,8.0,290.0,8,10740.74074074074
Subramanya Nagar,840.0,1.0,150.0,1,17857.14285714286
Gottigere,1400.0,2.0,50.0,3,3571.4285714285716
KR Puram,1200.0,2.0,42.0,2,3500.0
Janatha Colony,1439.0,3.0,57.23,3,3977.067407922168
Kasavanhalli,1375.0,2.0,72.0,2,5236.363636363636
BTM 2nd Stage,2990.0,5.0,416.0,5,13913.04347826087
Vijayanagar,1200.0,2.0,75.0,3,6250.0
Yelahanka,1315.0,2.0,75.0,2,5703.42205323194
Dommasandra,1500.0,2.0,40.0,2,2666.6666666666665
Yelahanka,3600.0,6.0,200.0,6,5555.555555555556
Vijayanagar,1178.0,2.0,82.0,2,6960.950764006791
Bannerghatta Road,1430.0,3.0,59.0,3,4125.874125874126
Mahadevpura,1400.0,2.0,65.8,3,4700.0
Thanisandra,1093.0,2.0,72.0,2,6587.374199451052
Horamavu Banaswadi,1200.0,2.0,45.0,2,3750.0
Magadi Road,5000.0,6.0,360.0,5,7200.0
1st Block Jayanagar,1200.0,2.0,130.0,3,10833.333333333334
Whitefield,2210.0,3.0,156.0,3,7058.823529411765
Uttarahalli,1150.0,2.0,70.0,2,6086.95652173913
Silk Board,1435.0,2.0,60.0,3,4181.184668989547
Mathikere,600.0,3.0,100.0,4,16666.666666666668
Whitefield,1173.0,2.0,78.2,2,6666.666666666667
Thanisandra,1140.0,2.0,39.0,2,3421.0526315789475
Jakkur Plantation,1717.0,3.0,120.0,3,6988.934187536401
Mallasandra,1325.0,2.0,65.0,2,4905.66037735849
Hoodi,1370.0,3.0,67.0,3,4890.510948905109
Electronics City Phase 1,1025.0,2.0,90.0,2,8780.487804878048
Doddakammanahalli,1409.0,2.0,62.0,3,4400.28388928318
Bellandur,1200.0,2.0,52.0,2,4333.333333333333
Thanisandra,1200.0,2.0,53.5,2,4458.333333333333
Whitefield,1740.0,4.0,130.0,3,7471.264367816092
Hennur Road,1232.0,2.0,88.0,2,7142.857142857143
Chandapura,1200.0,2.0,36.0,2,3000.0
Whitefield,5924.0,4.0,625.0,4,10550.303848750844
Veersandra,1250.0,2.0,50.0,2,4000.0
Munivenkatppa Layout,1475.0,2.0,171.0,2,11593.22033898305
Bommanahalli,2100.0,4.0,85.0,4,4047.6190476190477
5th Phase JP Nagar,552.0,1.0,23.5,1,4257.246376811594
Uttarahalli,1065.0,2.0,42.59,3,3999.06103286385
Hennur,1000.0,3.0,130.0,3,13000.0
Lakshmipura,1225.0,2.0,65.0,2,5306.122448979592
Harsha Layout,650.0,1.0,16.0,1,2461.5384615384614
Padmanabhanagar,1067.0,2.0,52.0,2,4873.477038425492
Sarjapur,1364.0,2.0,56.0,3,4105.571847507332
Tata Nagar,1750.0,3.0,75.0,3,4285.714285714285
Bannerghatta Road,1240.0,2.0,71.0,2,5725.806451612903
Hulimavu,1200.0,2.0,75.0,2,6250.0
Kaggadasapura,1540.0,3.0,75.0,3,4870.12987012987
Sathya Layout,1504.0,2.0,102.0,3,6781.914893617021
New Thippasandra,1116.0,2.0,49.8,2,4462.365591397849
Hennur Road,2365.0,4.0,175.0,3,7399.577167019028
Sarjapura - Attibele Road,1308.0,2.0,37.0,2,2828.7461773700306
Vijayanagar,864.0,2.0,45.0,2,5208.333333333333
Vidyaranyapura,1200.0,5.0,139.0,5,11583.333333333334
Hoskote,1069.0,2.0,38.0,3,3554.724041159963
Hebbal,1333.0,2.0,100.0,2,7501.875468867217
Chennammana Kere,1800.0,4.0,145.0,4,8055.555555555556
Devanahalli,6136.0,4.0,550.0,4,8963.49413298566
Thanisandra,1698.0,3.0,107.0,3,6301.531213191991
JP Nagar,1275.0,2.0,43.6,3,3419.607843137255
Raja Rajeshwari Nagar,1060.0,2.0,48.0,2,4528.301886792453
Hennur,1160.0,2.0,49.0,2,4224.137931034483
Sarjapur  Road,1484.0,2.0,65.0,3,4380.053908355795
Hosa Road,675.0,3.0,70.0,3,10370.37037037037
BEML Layout,1200.0,5.0,325.0,3,27083.333333333332
Hennur Road,1310.0,2.0,66.0,2,5038.167938931298
Vijayanagar,1806.0,6.0,370.0,6,20487.264673311183
Shanti Nagar,3000.0,4.0,240.0,4,8000.0
Varthur,2145.0,3.0,165.0,3,7692.307692307692
Marathahalli,1693.0,3.0,125.0,3,7383.343177790904
Jigani,1230.0,3.0,60.0,3,4878.048780487805
Devanahalli,1200.0,3.0,145.0,3,12083.333333333334
Bommasandra Industrial Area,1310.0,2.0,37.83,3,2887.7862595419847
Tigalarpalya,1150.0,2.0,60.0,2,5217.391304347826
Munnekollal,1385.0,2.0,66.5,3,4801.444043321299
Tumkur Road,1066.0,2.0,52.5,2,4924.953095684803
Thanisandra,2293.0,3.0,80.26,3,3500.2180549498476
Tindlu,720.0,3.0,81.0,3,11250.0
2nd Block Bel Layout,1625.0,3.0,92.0,3,5661.538461538462
Vittasandra,1246.0,2.0,67.4,2,5409.309791332264
Vijayanagar,2100.0,6.0,252.0,4,12000.0
sarjapura main road,2400.0,4.0,250.0,4,10416.666666666666
Raja Rajeshwari Nagar,3900.0,6.0,195.0,6,5000.0
7th Phase JP Nagar,1000.0,2.0,70.65,2,7065.000000000001
Nagavarapalya,907.0,2.0,38.0,2,4189.636163175303
Ulsoor,3500.0,4.0,138.0,4,3942.8571428571427
Varthur,1395.0,2.0,79.0,3,5663.082437275985
Kumbena Agrahara,1180.0,2.0,50.0,2,4237.28813559322
Banaswadi,1903.0,6.0,140.0,5,7356.8050446663165
Electronic City,1175.0,2.0,47.0,2,4000.0
Coconut Grove Layout,1272.0,2.0,51.5,2,4048.7421383647797
Hiremath Layout,1490.0,2.0,92.0,3,6174.496644295302
Yeshwanthpur,1144.0,2.0,67.0,2,5856.643356643357
Anekal - Hosur Road,2400.0,5.0,140.0,4,5833.333333333333
Hormavu,1143.0,2.0,53.0,2,4636.920384951881
Karuna Nagar,2500.0,3.0,190.0,3,7600.0
Whitefield,1216.0,2.0,75.0,2,6167.763157894737
Nallurhalli,1044.0,2.0,60.0,2,5747.126436781609
Prithvi Layout,1352.0,3.0,93.0,2,6878.698224852071
Hennur Road,1552.0,3.0,75.0,3,4832.474226804124
Bellandur,1785.0,3.0,120.0,3,6722.689075630252
Pai Layout,810.0,2.0,34.5,2,4259.259259259259
Banashankari Stage V,1650.0,3.0,51.98,3,3150.3030303030305
Akshayanagara East,1595.0,3.0,70.39,3,4413.166144200627
Whitefield,1060.0,2.0,35.0,2,3301.8867924528304
Babusapalaya,1410.0,2.0,65.0,3,4609.929078014185
Nagarbhavi,1523.0,2.0,56.0,3,3676.9533814839133
Kanakpura Road,1591.0,3.0,122.0,3,7668.133249528599
Ashwath Nagar,1640.0,3.0,84.0,3,5121.951219512195
Yelahanka New Town,450.0,1.0,16.0,1,3555.5555555555557
Bannerghatta Road,1305.0,2.0,60.0,3,4597.701149425287
Yelahanka,1590.0,3.0,54.0,3,3396.2264150943397
Kaggadasapura,1240.0,2.0,45.0,2,3629.032258064516
MCECHS  layout,1200.0,2.0,54.0,2,4500.0
Dodda Nekkundi,1100.0,2.0,41.16,2,3741.8181818181815
Koramangala,1180.0,2.0,128.0,2,10847.457627118643
Sarjapur  Road,1115.0,2.0,50.0,2,4484.304932735426
Bisuvanahalli,845.0,2.0,33.0,2,3905.3254437869823
4th Block Jayanagar,1567.2,2.0,190.0,3,12123.532414497193
Channasandra,1310.0,2.0,45.0,3,3435.114503816794
Yelahanka,26136.0,1.0,150.0,1,573.921028466483
Jyothi Nagar,959.0,2.0,42.5,2,4431.699687174139
8th Phase JP Nagar,1200.0,4.0,140.0,4,11666.666666666666
Kambipura,883.0,2.0,37.0,2,4190.260475651189
Rachenahalli,1050.0,2.0,55.5,2,5285.714285714285
Yelahanka,1390.0,2.0,70.21,2,5051.079136690647
Kenchenahalli,1280.0,2.0,69.0,3,5390.625
Lingarajapuram,1280.0,5.0,150.0,7,11718.75
Yelahanka,1614.0,3.0,95.0,3,5885.9975216852545
Kasturi Nagar,1000.0,2.0,58.0,2,5800.0
Marathahalli,1196.0,2.0,57.9,2,4841.13712374582
Sarjapur  Road,1220.0,3.0,57.0,3,4672.131147540984
Ambalipura,950.0,2.0,31.95,2,3363.157894736842
Doddabommasandra,2400.0,8.0,325.0,9,13541.666666666666
Akshaya Vana,1141.0,2.0,55.0,2,4820.333041191937
5th Phase JP Nagar,1200.0,2.0,51.0,2,4250.0
Kasavanhalli,1380.0,2.0,55.0,3,3985.5072463768115
Doddathoguru,855.0,2.0,32.0,2,3742.690058479532
Chandapura,645.0,1.0,16.45,1,2550.3875968992247
Chandapura,922.0,2.0,36.0,2,3904.5553145336225
Nagappa Reddy Layout,1200.0,2.0,43.2,2,3600.0
Nagadevanahalli,1240.0,2.0,65.0,3,5241.935483870968
7th Phase JP Nagar,1070.0,2.0,42.0,2,3925.233644859813
Rajiv Gandhi Nagar,1293.0,2.0,75.0,2,5800.46403712297
R.T. Nagar,1380.0,2.0,50.0,3,3623.1884057971015
Yelahanka New Town,1599.0,3.0,80.0,3,5003.126954346467
Nehru Nagar,967.0,2.0,41.1,2,4250.258531540848
Silver Springs Layout,1885.0,3.0,90.0,3,4774.535809018567
1st Block Koramangala,860.0,2.0,65.5,2,7616.279069767442
Yelahanka,1075.0,1.0,19.5,1,1813.953488372093
Sarjapur  Road,1050.0,2.0,63.5,2,6047.619047619048
Marathahalli,1595.0,3.0,88.0,3,5517.241379310345
Sarjapur  Road,1350.0,2.0,102.0,2,7555.555555555556
Hebbal,1204.0,2.0,45.0,2,3737.5415282392028
Sarjapur  Road,2990.0,4.0,240.0,4,8026.755852842809
Sarjapur  Road,1035.0,2.0,49.0,2,4734.299516908212
ITPL,1000.0,2.0,29.95,2,2995.0
Sarjapur  Road,1457.0,3.0,85.0,3,5833.905284831846
Haralur Road,1194.0,2.0,47.0,2,3936.348408710218
Bannerghatta,1100.0,2.0,66.0,2,6000.0
Whitefield,1655.0,3.0,120.0,3,7250.755287009063
Kanakpura Road,1691.2,3.0,115.0,3,6799.905392620624
Ramagondanahalli,1215.0,2.0,46.1,2,3794.238683127572
Kanakpura Road,1155.0,2.0,50.125,2,4339.82683982684
Hoodi,1639.0,3.0,129.0,3,7870.65283709579
Sarjapur  Road,1685.0,3.0,135.0,3,8011.86943620178
Kaveri Nagar,1008.0,4.0,180.0,5,17857.14285714286
Hormavu,1100.0,2.0,38.0,2,3454.5454545454545
Marathahalli,2122.0,3.0,125.0,3,5890.66918001885
Vasanthapura,1050.0,2.0,47.0,2,4476.190476190476
Kengeri,1230.0,2.0,45.0,2,3658.5365853658536
5th Phase JP Nagar,1240.0,3.0,60.0,3,4838.709677419355
Electronic City Phase II,1252.0,2.0,65.0,3,5191.693290734825
Canara Bank Colony,1374.0,2.0,88.0,3,6404.657933042213
8th Phase JP Nagar,500.0,1.0,30.0,1,6000.0
Arekere,1200.0,8.0,225.0,8,18750.0
Hebbal,1355.0,3.0,83.87,3,6189.667896678967
Banashankari,1040.0,2.0,45.0,2,4326.923076923077
Sarjapur  Road,1350.0,2.0,68.0,2,5037.037037037037
Whitefield,4003.0,6.0,300.0,4,7494.379215588308
Hennur,2400.0,3.0,135.0,3,5625.0
Haralur Road,1560.0,3.0,90.0,3,5769.2307692307695
Anandapura,1151.0,2.0,43.16,2,3749.7827975673326
Uttarahalli,1360.0,2.0,47.59,3,3499.264705882353
Crimson Layout,1250.0,2.0,60.0,2,4800.0
Chandapura,1110.0,2.0,29.97,3,2700.0
Hennur Road,1015.0,2.0,50.0,2,4926.108374384236
Kadugodi,1351.0,2.0,78.0,3,5773.501110288675
Yelahanka New Town,960.0,2.0,50.0,2,5208.333333333333
Virat Nagar,1110.0,2.0,52.0,2,4684.684684684685
R.T. Nagar,1680.0,3.0,72.0,3,4285.714285714285
Arekere,2400.0,3.0,180.0,3,7500.0
Yemlur,11000.0,5.0,2000.0,4,18181.81818181818
Ramamurthy Nagar Extension,1350.0,3.0,48.6,3,3600.0
Horamavu Banaswadi,1254.0,2.0,47.0,2,3748.006379585327
Haralur Road,1255.0,3.0,115.0,3,9163.346613545817
CV Raman Nagar,1051.0,2.0,61.0,2,5803.996194100856
"2nd phase jp nagar, jp nagar",1200.0,3.0,205.0,3,17083.333333333332
Uttarahalli,1099.0,2.0,65.0,2,5914.467697907188
Hebbal,2650.0,4.0,199.0,3,7509.433962264151
Mathikere Extension,2000.0,2.0,160.0,4,8000.0
Yeshwanthpur,1541.0,2.0,130.0,2,8436.080467229072
Sarjapur  Road,1200.0,3.0,70.0,3,5833.333333333333
Whitefield,1125.0,2.0,45.0,2,4000.0
Vittasandra,1650.0,3.0,85.0,3,5151.515151515152
Ashwini layout,834.0,1.0,62.0,1,7434.052757793765
Gollarapalya Hosahalli,1320.0,3.0,60.0,3,4545.454545454545
Malleshpalya,1200.0,3.0,149.0,3,12416.666666666666
Indra Nagar,1000.0,7.0,160.0,8,16000.0
Mysore Road,1500.0,3.0,74.0,3,4933.333333333333
Whitefield,4400.0,5.0,500.0,4,11363.636363636364
Moodalapalya,600.0,1.0,52.0,1,8666.666666666666
Whitefield,1180.0,2.0,70.0,2,5932.203389830508
Kadugodi,1010.0,2.0,50.0,2,4950.495049504951
Channasandra,1070.0,2.0,38.0,2,3551.4018691588785
Choodasandra,1580.0,3.0,105.0,3,6645.569620253164
BEML Layout 5th Stage,1200.0,5.0,325.0,4,27083.333333333332
Green Glen Layout,2000.0,3.0,165.0,3,8250.0
Iblur Village,1920.0,3.0,130.0,3,6770.833333333333
Sanjay nagar,1200.0,2.0,76.0,3,6333.333333333333
Kalena Agrahara,1040.0,2.0,45.0,2,4326.923076923077
Hulimavu,1430.0,2.0,90.0,3,6293.706293706294
Uttarahalli,1215.0,2.0,52.85,3,4349.794238683127
Domlur,650.0,1.0,70.0,1,10769.23076923077
Thanisandra,1564.0,3.0,105.0,3,6713.5549872122765
Manonarayanapalya,800.0,2.0,52.0,3,6500.0
Hormavu,750.0,2.0,58.0,2,7733.333333333333
Kasavanhalli,1200.0,2.0,60.0,2,5000.0
Raja Rajeshwari Nagar,1128.0,2.0,48.79,2,4325.354609929078
Begur Road,1200.0,2.0,44.4,2,3700.0
Cholanayakanahalli,2000.0,4.0,135.0,4,6750.0
Jakkur Plantation,2750.0,3.0,260.0,3,9454.545454545454
4th T block Jayanagar,2400.0,4.0,480.0,4,20000.0
Yelahanka,1650.0,3.0,105.0,3,6363.636363636364
1st Block Jayanagar,1235.0,2.0,148.0,2,11983.805668016194
Yelahanka,1200.0,2.0,55.0,2,4583.333333333333
M V Extenstion,900.0,5.0,100.0,6,11111.111111111111
Kengeri Satellite Town,985.0,2.0,42.0,2,4263.959390862944
Ramagondanahalli,1475.0,2.0,63.0,3,4271.186440677966
Hebbal,3450.0,5.0,348.0,3,10086.95652173913
Sarjapur  Road,1157.0,2.0,53.99,3,4666.3785652549695
Canara Bank Colony,900.0,2.0,35.0,2,3888.8888888888887
Gottigere,2500.0,3.0,120.0,4,4800.0
GM Palaya,1030.0,2.0,60.0,2,5825.242718446602
Kamdhenu Nagar,1000.0,2.0,46.0,2,4600.0
Sarjapur  Road,3800.0,3.0,325.0,4,8552.631578947368
Kasavanhalli,4260.0,4.0,333.0,4,7816.901408450704
Brookefield,1950.0,6.0,175.0,5,8974.358974358975
Kudlu,1570.0,2.0,65.94,3,4200.0
Kanakapura,1283.0,2.0,68.0,2,5300.077942322681
Electronic City Phase II,875.0,2.0,40.0,3,4571.428571428572
Vinayaka Nagar,1200.0,2.0,52.0,2,4333.333333333333
HAL 2nd Stage,2700.0,3.0,500.0,3,18518.51851851852
Konanakunte,2400.0,2.0,180.0,3,7500.0
Kathriguppe,1250.0,2.0,68.75,3,5500.0
Old Madras Road,3630.0,6.0,196.0,4,5399.449035812672
Yelahanka,990.0,2.0,37.62,2,3799.9999999999995
Panathur,1199.0,2.0,85.0,2,7089.241034195163
Brindavan Nagar,1280.0,2.0,90.0,2,7031.25
1st Block Jayanagar,2750.0,4.0,413.0,4,15018.181818181818
Reliaable Tranquil Layout,1190.0,2.0,55.0,2,4621.848739495798
Yelachenahalli,1100.0,2.0,60.0,2,5454.545454545455
RMV,2075.0,3.0,175.0,3,8433.734939759037
Harlur,1133.0,2.0,55.0,2,4854.368932038835
Somasundara Palya,2400.0,3.0,140.0,4,5833.333333333333
Whitefield,1280.0,2.0,69.0,2,5390.625
Horamavu Agara,1250.0,3.0,65.0,3,5200.0
Begur Road,1565.0,2.0,49.3,3,3150.1597444089457
Pattanagere,1900.0,3.0,65.0,3,3421.0526315789475
Munnekollal,1080.0,2.0,45.0,2,4166.666666666667
Battarahalli,600.0,1.0,47.0,1,7833.333333333333
Himagiri Meadows,1240.0,4.0,180.0,3,14516.129032258064
HRBR Layout,1335.0,2.0,87.0,3,6516.853932584269
Vittasandra,1246.0,2.0,67.3,2,5401.284109149277
Sarjapur  Road,1385.0,3.0,55.0,3,3971.1191335740073
Govindpura,1578.0,3.0,73.9,3,4683.143219264893
HSR Layout,1140.0,2.0,46.0,2,4035.0877192982457
Sarjapur  Road,1700.0,3.0,79.9,3,4700.000000000001
Ganganahalli,1050.0,4.0,90.0,4,8571.42857142857
Vidyaranyapura,1120.0,2.0,70.0,2,6250.0
Electronic City,435.0,1.0,22.0,1,5057.471264367816
Magadi Road,1116.0,2.0,51.89,2,4649.641577060932
Old Madras Road,1480.0,3.0,95.0,3,6418.918918918919
Hormavu,1000.0,2.0,50.0,2,5000.0
HSR Layout,1145.0,2.0,46.0,2,4017.467248908297
Bommasandra,800.0,1.0,32.0,2,4000.0
Thanisandra,1265.0,2.0,83.0,2,6561.264822134387
Devanahalli,1700.0,3.0,88.2,3,5188.235294117647
Narayanappa Garden,1475.0,2.0,70.0,2,4745.762711864407
BTM 2nd Stage,1265.0,2.0,55.0,2,4347.826086956522
Anandapura,1200.0,2.0,58.0,2,4833.333333333333
1st Phase JP Nagar,2180.0,3.0,210.0,3,9633.02752293578
Brookefield,1080.0,2.0,50.0,2,4629.62962962963
Whitefield,2023.0,4.0,130.0,3,6426.099851705388
Hanumantha Nagar,2400.0,2.0,125.0,2,5208.333333333333
Kadubeesanahalli,1545.0,2.0,66.0,3,4271.844660194175
Kalena Agrahara,1804.0,3.0,166.0,3,9201.773835920178
3rd Block Hrbr Layout,1200.0,2.0,200.0,2,16666.666666666668
6th Phase JP Nagar,1350.0,2.0,58.0,3,4296.2962962962965
Hoodi,1108.0,2.0,74.23,2,6699.458483754513
Marathahalli,1730.0,3.0,115.0,3,6647.398843930636
RWF West Colony,1427.0,2.0,70.0,3,4905.395935529082
Yelahanka,935.0,2.0,35.53,2,3800.0
Sarjapura - Attibele Road,1073.0,2.0,31.77,2,2960.857409133271
Ananth Nagar,960.0,2.0,37.0,2,3854.1666666666665
Thigalarapalya,2215.0,4.0,150.0,3,6772.009029345372
Electronic City Phase II,1125.0,2.0,32.49,2,2888.0
Brookefield,1230.0,2.0,55.0,2,4471.544715447155
Mahadevpura,1438.0,2.0,89.0,2,6189.151599443671
7th Phase JP Nagar,1080.0,2.0,75.0,2,6944.444444444444
Hebbal Kempapura,1200.0,3.0,125.0,3,10416.666666666666
Marathahalli,1200.0,1.0,103.0,2,8583.333333333334
Uttarahalli,1590.0,3.0,58.0,3,3647.7987421383646
Seetharampalya,1350.0,3.0,68.0,3,5037.037037037037
Raja Rajeshwari Nagar,1400.0,2.0,48.0,3,3428.5714285714284
Kaggadasapura,1560.0,2.0,72.0,3,4615.384615384615
Mallasandra,1810.0,3.0,57.0,4,3149.171270718232
Kanaka Nagar,2274.24,4.0,160.0,3,7035.317292809907
Sonnenahalli,1484.0,3.0,74.18,3,4998.652291105122
Indira Nagar,1650.0,3.0,220.0,3,13333.333333333334
Stage-4 Bommanahalli,1455.0,2.0,55.0,3,3780.0687285223366
Thanisandra,2280.0,4.0,184.0,3,8070.175438596491
Rest House Road,4900.0,5.0,980.0,5,20000.0
Frazer Town,2079.0,3.0,220.0,3,10582.010582010582
Bharathi Nagar,1351.0,2.0,74.0,2,5477.424130273871
Kanakpura Road,1223.0,2.0,42.81,3,3500.408830744072
KR Puram,1430.0,2.0,61.0,3,4265.734265734266
Whitefield,3589.0,5.0,400.0,4,11145.165784341041
Electronic City Phase II,1310.0,2.0,37.83,3,2887.7862595419847
Channasandra,1800.0,4.0,300.0,4,16666.666666666668
Giri Nagar,1120.0,4.0,175.0,4,15625.0
Sarjapur  Road,984.0,2.0,55.0,2,5589.430894308943
Jalahalli,1770.0,3.0,100.0,3,5649.717514124294
Immadihalli,900.0,3.0,105.0,2,11666.666666666666
Ramamurthy Nagar,1350.0,5.0,120.0,5,8888.888888888889
Bhoganhalli,1447.0,2.0,75.97,2,5250.172771250864
Margondanahalli,1140.0,2.0,60.0,2,5263.1578947368425
Bommanahalli,1170.0,2.0,34.0,2,2905.982905982906
Poorna Pragna Layout,1160.0,2.0,46.39,2,3999.137931034483
Kanakpura Road,1296.0,2.0,89.0,2,6867.283950617284
Kempapura,1570.0,3.0,80.0,3,5095.541401273886
Nagappa Reddy Layout,1495.0,2.0,65.0,3,4347.826086956522
Hoodi,1530.0,2.0,67.0,3,4379.084967320261
Rajaji Nagar,900.0,4.0,140.0,5,15555.555555555555
Gunjur,1800.0,3.0,70.0,3,3888.8888888888887
Bellandur,1088.0,2.0,48.0,2,4411.764705882353
Hosa Road,1533.0,3.0,98.18,3,6404.4357469015
Rachenahalli,1100.0,2.0,68.0,2,6181.818181818182
Thubarahalli,1540.0,3.0,90.0,3,5844.1558441558445
Hebbal,1244.0,3.0,48.0,2,3858.520900321543
Hosa Road,1040.0,2.0,68.59,2,6595.192307692308
Ex-Servicemen Colony Dinnur Main Road R.T.Nagar,1034.0,6.0,101.0,6,9767.891682785299
Begur Road,1260.0,2.0,39.69,2,3150.0
Uttarahalli,1180.0,2.0,41.3,2,3499.9999999999995
Thigalarapalya,1245.0,2.0,100.0,2,8032.128514056225
Dollars Colony,1350.0,3.0,75.0,3,5555.555555555556
KUDLU MAIN ROAD,1464.0,3.0,56.0,3,3825.136612021858
Alur,470.0,2.0,10.0,1,2127.659574468085
Vijayanagar,920.0,2.0,60.0,2,6521.739130434783
Vijay Nagar,2300.0,7.0,160.0,6,6956.521739130435
Sarjapur,1124.0,2.0,30.35,2,2700.1779359430607
Yelahanka New Town,2095.0,3.0,109.0,4,5202.863961813842
Begur Road,1100.0,2.0,71.42,2,6492.727272727273
Vijayanagar,1019.0,2.0,58.0,2,5691.854759568204
Harlur,1756.0,3.0,128.0,3,7289.293849658315
Bommasandra,1280.0,3.0,50.0,3,3906.25
Kenchenahalli,1200.0,3.0,125.0,4,10416.666666666666
Indira Nagar,1700.0,3.0,150.0,3,8823.529411764706
Whitefield,2134.0,4.0,118.0,3,5529.522024367385
Hosa Road,1369.1,2.0,98.0,2,7157.986998758309
Subramanyapura,600.0,3.0,69.0,3,11500.0
Hennur Bande,1313.0,4.0,150.0,3,11424.219345011425
Carmelaram,2515.0,4.0,155.0,3,6163.021868787277
Thigalarapalya,2215.0,4.0,154.0,3,6952.5959367945825
Basapura,1440.0,3.0,72.0,3,5000.0
Hennur Road,1186.0,2.0,55.33,3,4665.2613827993255
Uttarahalli,1350.0,2.0,47.24,3,3499.259259259259
Hebbal,1800.0,3.0,140.0,3,7777.777777777777
Kudlu,1600.0,3.0,79.0,3,4937.5
GM Palaya,1000.0,2.0,35.0,2,3500.0
Cunningham Road,2275.0,3.0,285.0,3,12527.472527472528
Banashankari Stage III,1305.0,2.0,59.0,3,4521.072796934866
Binny Pete,1740.0,3.0,150.0,3,8620.689655172413
Malleshwaram,900.0,2.0,90.0,2,10000.0
Benson Town,1567.0,3.0,140.0,2,8934.269304403319
Kambipura,1082.0,2.0,45.5,3,4205.1756007393715
Nagarbhavi,1050.0,2.0,80.0,2,7619.047619047619
Atmananda Colony,1200.0,2.0,56.0,2,4666.666666666667
Begur,3500.0,4.0,185.0,3,5285.714285714285
Dasarahalli,1220.0,2.0,52.0,2,4262.295081967213
Binny Pete,1970.0,3.0,164.0,3,8324.873096446701
CMH Road,2665.0,3.0,350.0,3,13133.208255159474
Kanakapura,2130.0,4.0,120.0,4,5633.802816901409
Harlur,1749.0,3.0,120.0,3,6861.06346483705
Subramanyapura,1260.0,2.0,108.0,2,8571.42857142857
6th Phase JP Nagar,1170.0,2.0,120.0,2,10256.410256410256
Ankappa Layout,1670.0,3.0,75.0,3,4491.017964071856
Hennur Road,2264.0,3.0,168.0,3,7420.494699646643
Byadarahalli,3500.0,5.0,450.0,4,12857.142857142857
Begur,1100.0,2.0,55.0,2,5000.0
Chandapura,674.0,1.0,19.9,2,2952.522255192878
Koramangala,1320.0,2.0,160.0,2,12121.212121212122
Vishveshwarya Layout,600.0,4.0,85.0,4,14166.666666666666
Electronics City Phase 1,1125.0,2.0,65.0,2,5777.777777777777
Nagavara,1125.0,2.0,44.5,2,3955.5555555555557
Baba Nagar,700.0,2.0,29.0,2,4142.857142857143
BTM Layout,1300.0,2.0,75.0,3,5769.2307692307695
JP Nagar,1600.0,3.0,83.0,3,5187.5
Magadi Road,1052.0,2.0,60.0,3,5703.42205323194
Neelasandra,1140.0,3.0,145.0,4,12719.298245614034
 Devarachikkanahalli,1130.0,2.0,36.0,2,3185.8407079646017
Yediyur,1140.0,3.0,225.0,4,19736.842105263157
BTM 2nd Stage,2200.0,3.0,220.0,3,10000.0
Electronic City,1500.0,2.0,63.0,3,4200.0
Old Madras Road,1350.0,3.0,47.25,3,3500.0
Gottigere,1230.0,2.0,52.0,3,4227.642276422765
Haralur Road,1520.0,2.0,85.0,3,5592.105263157895
Kanakpura Road,525.0,1.0,26.25,1,5000.0
Hosa Road,1040.0,2.0,61.0,2,5865.384615384615
Upadhyaya Layout,1300.0,2.0,67.0,3,5153.846153846154
Old Airport Road,2690.0,4.0,201.0,4,7472.118959107806
Domlur,780.0,1.0,70.0,1,8974.358974358975
Panathur,1140.0,2.0,51.2,2,4491.228070175439
Chandapura,1225.0,3.0,33.08,3,2700.408163265306
Nagavarapalya,646.0,1.0,25.84,1,4000.0
Cox Town,1600.0,3.0,150.0,3,9375.0
Kadugodi,1890.0,4.0,125.0,3,6613.756613756614
Kadugodi,1050.0,2.0,34.0,2,3238.095238095238
Ittamadu,1200.0,4.0,100.0,6,8333.333333333334
Whitefield,1458.0,2.0,62.0,3,4252.400548696845
Naganathapura,1200.0,6.0,86.0,5,7166.666666666667
Green Glen Layout,1970.0,3.0,160.0,3,8121.827411167513
Whitefield,1808.0,4.0,80.0,3,4424.778761061947
Balagere,1007.0,2.0,67.0,2,6653.4260178748755
Doddathoguru,1105.0,2.0,50.0,2,4524.886877828054
Lakshminarayana Pura,1700.0,3.0,150.0,3,8823.529411764706
Raja Rajeshwari Nagar,1170.0,2.0,50.0,2,4273.504273504273
Chandapura,1080.0,2.0,45.0,2,4166.666666666667
Kaggalipura,1150.0,2.0,62.0,3,5391.304347826087
Ramamurthy Nagar,1200.0,2.0,57.9,2,4825.0
Jakkuru Layout,1200.0,2.0,54.0,2,4500.0
Kudlu Gate,1656.0,3.0,75.0,3,4528.985507246377
bsk 6th stage 2ad block near sri conversation hall,600.0,4.0,87.0,4,14500.0
KR Puram,1040.0,2.0,50.0,2,4807.692307692308
Hosur Road,1085.0,2.0,33.7,2,3105.9907834101386
Virat Nagar,1215.0,2.0,49.75,3,4094.650205761317
NRI Layout,2150.0,4.0,115.0,4,5348.837209302325
Hoodi,1100.0,4.0,120.0,4,10909.09090909091
Panathur,1210.0,2.0,77.0,2,6363.636363636364
Kallumantapa,1050.0,2.0,55.0,2,5238.0952380952385
"Annapoorneshwari Layout, JP nagar 7th phase",600.0,3.0,70.0,3,11666.666666666666
Iblur Village,1920.0,3.0,150.0,3,7812.5
Uttarahalli,1250.0,2.0,50.0,3,4000.0
Mysore Road,947.55,2.0,80.0,2,8442.826236082528
Malleshpalya,1421.0,2.0,90.0,2,6333.56790992259
Mudalpalaya,1050.0,4.0,155.0,6,14761.904761904761
Old Madras Road,1425.0,2.0,74.31,3,5214.736842105263
Budigere,1162.0,2.0,58.0,2,4991.394148020654
Whitefield,905.0,1.0,60.0,1,6629.834254143647
Sarjapur  Road,914.0,2.0,32.0,2,3501.09409190372
elachenahalli,1258.0,2.0,58.0,2,4610.492845786964
CV Raman Nagar,1100.0,4.0,220.0,4,20000.0
Hormavu,3500.0,4.0,289.0,4,8257.142857142857
Poorna Pragna Layout,2400.0,6.0,450.0,7,18750.0
Ramagondanahalli,4200.0,4.0,800.0,4,19047.619047619046
Whitefield,1537.0,2.0,70.0,3,4554.326610279766
Chikkalasandra,1230.0,2.0,53.51,3,4350.40650406504
B K Nagar,2400.0,5.0,300.0,6,12500.0
Malleshwaram,2250.0,3.0,200.0,3,8888.888888888889
Hosur Road,2000.0,4.0,69.0,4,3450.0
Vivek Nagar,3000.0,4.0,130.0,8,4333.333333333333
Kumaraswami Layout,2600.0,4.0,325.0,4,12500.0
Indira Nagar,3200.0,3.0,250.0,4,7812.5
Anjanapura,950.0,2.0,32.0,2,3368.4210526315787
Marathahalli,4000.0,4.0,200.0,4,5000.0
Yelahanka,1282.0,2.0,48.72,3,3800.312012480499
Banashankari Stage III,1304.0,2.0,111.0,2,8512.269938650306
7th Phase JP Nagar,2100.0,3.0,200.0,3,9523.809523809523
Jakkur,1220.0,2.0,49.0,3,4016.3934426229507
Budigere,1636.0,3.0,85.0,3,5195.59902200489
7th Phase JP Nagar,1415.0,3.0,65.0,3,4593.639575971732
Green Glen Layout,1728.0,3.0,125.0,3,7233.7962962962965
7th Phase JP Nagar,1680.0,3.0,125.0,3,7440.476190476191
Venkatapura,1235.0,2.0,140.0,2,11336.032388663967
Yelachenahalli,900.0,2.0,115.0,4,12777.777777777777
Yelahanka,3990.0,4.0,260.0,4,6516.290726817043
Kasavanhalli,1495.0,2.0,83.0,2,5551.8394648829435
Hennur Road,1500.0,5.0,175.0,5,11666.666666666666
Yeshwanthpur,2501.0,3.0,138.0,3,5517.792882846861
Kanakpura Road,381.0,1.0,28.0,1,7349.081364829396
Gopalapura,3301.8,5.0,570.0,4,17263.310921315646
Hennur Road,2002.0,3.0,120.0,3,5994.005994005994
Meenakunte,3200.0,3.0,260.0,3,8125.0
Banjara Layout,1200.0,2.0,70.0,2,5833.333333333333
Sarjapur  Road,1500.0,3.0,235.0,4,15666.666666666666
Bommasandra,1942.0,3.0,90.0,3,4634.3975283213185
Thyagaraja Nagar,660.0,1.0,95.0,1,14393.939393939394
Banashankari Stage III,1200.0,6.0,170.0,4,14166.666666666666
Basavanna Nagar,1450.0,3.0,90.0,3,6206.896551724138
Electronic City,1039.0,2.0,50.0,2,4812.319538017325
Old Madras Road,1210.0,2.0,80.0,2,6611.570247933884
Attibele,995.0,1.0,24.88,2,2500.502512562814
Yelahanka,1620.0,3.0,90.0,3,5555.555555555556
Choodasandra,3204.0,4.0,395.0,3,12328.339575530586
Hebbal Kempapura,3408.0,3.0,260.0,3,7629.107981220657
Marathahalli,1314.0,2.0,55.0,2,4185.692541856925
Bisuvanahalli,945.0,2.0,33.0,2,3492.063492063492
Nehru Nagar,1374.0,3.0,72.0,3,5240.174672489083
Kanakpura Road,1603.0,3.0,113.0,3,7049.282595134124
Kengeri,1230.0,2.0,52.0,3,4227.642276422765
 Basavangudi,670.0,1.0,50.0,1,7462.686567164179
Sarjapur  Road,1864.0,3.0,105.0,4,5633.0472103004295
Hosa Road,2500.0,3.0,100.0,3,4000.0
Raja Rajeshwari Nagar,1625.0,2.0,54.0,3,3323.076923076923
Whitefield,1186.0,2.0,55.0,2,4637.43676222597
KR Puram,1500.0,7.0,382.0,8,25466.666666666668
Electronic City,770.0,1.0,39.9,2,5181.818181818182
Varthur,1085.0,2.0,45.0,2,4147.465437788019
Dairy Circle,3754.0,6.0,480.0,4,12786.361214704315
Dodsworth Layout,1893.0,3.0,115.0,3,6075.0132065504495
Thurahalli,600.0,3.0,65.0,4,10833.333333333334
Kundalahalli,1496.0,2.0,78.0,3,5213.903743315508
Chandapura,1305.0,3.0,33.28,3,2550.191570881226
Electronics City Phase 1,1550.0,2.0,82.0,3,5290.322580645161
Marathahalli,1200.0,2.0,58.17,3,4847.5
Badavala Nagar,1494.0,2.0,94.55,3,6328.647925033467
Electronic City Phase II,1286.0,2.0,69.0,2,5365.47433903577
"Banashankari 6th stage , 2nd block",600.0,4.0,100.0,3,16666.666666666668
Hebbal,1860.0,3.0,95.0,3,5107.5268817204305
Raghuvanahalli,425.0,1.0,750.0,1,176470.58823529413
Haralur Road,1243.0,2.0,45.0,2,3620.2735317779566
Brookefield,1200.0,2.0,75.0,2,6250.0
Sarjapur,1044.0,2.0,32.0,2,3065.1340996168583
7th Phase JP Nagar,1040.0,2.0,41.59,2,3999.038461538462
8th Phase JP Nagar,1125.0,2.0,36.94,2,3283.5555555555557
Cunningham Road,3489.0,3.0,662.0,3,18973.91802808828
Subramanyapura,1278.0,2.0,59.0,3,4616.588419405321
Chelekare,2400.0,6.0,98.0,6,4083.3333333333335
Belatur,1250.0,2.0,43.0,2,3440.0
Vijayanagar,2400.0,6.0,125.0,5,5208.333333333333
KR Puram,4166.0,5.0,560.0,5,13442.150744119059
Lakshminarayana Pura,1210.0,2.0,75.0,2,6198.347107438017
8th Phase JP Nagar,1200.0,3.0,110.0,4,9166.666666666666
Sarjapur  Road,1157.0,2.0,57.84,3,4999.1356957649095
Raja Rajeshwari Nagar,1185.0,2.0,51.15,2,4316.455696202532
Kalena Agrahara,1450.0,3.0,100.0,3,6896.551724137931
Old Madras Road,1859.0,3.0,121.0,3,6508.87573964497
Rajaji Nagar,1763.0,3.0,262.0,2,14861.032331253546
Attibele,900.0,1.0,25.0,2,2777.777777777778
Ramamurthy Nagar,1305.0,3.0,60.0,3,4597.701149425287
Srirampuram,1200.0,2.0,100.0,3,8333.333333333334
Thanisandra,784.0,1.0,35.285,1,4500.6377551020405
Sarjapur  Road,1150.0,2.0,36.8,2,3199.9999999999995
Whitefield,1806.0,3.0,85.0,3,4706.5337763012185
Kudlu,1027.0,2.0,42.0,2,4089.581304771178
Uttarahalli,1002.0,2.0,40.08,2,4000.0
Electronic City Phase II,1220.0,2.0,36.21,3,2968.032786885246
Whitefield,1109.0,2.0,35.22,2,3175.834084761046
Uttarahalli,1002.0,2.0,40.08,2,4000.0
Narayanapura,1308.0,2.0,89.04,2,6807.339449541284
Hennur Road,1232.0,2.0,69.6,2,5649.350649350648
Haralur Road,1027.0,2.0,44.0,2,4284.323271665044
Kalyan nagar,1250.0,2.0,65.0,2,5200.0
2nd Phase JP Nagar,900.0,6.0,170.0,6,18888.88888888889
KR Puram,960.0,4.0,80.0,4,8333.333333333334
Raja Rajeshwari Nagar,1255.0,2.0,53.87,2,4292.4302788844625
Akshaya Nagar,1434.0,3.0,84.0,3,5857.740585774059
Doddathoguru,925.0,2.0,30.0,2,3243.2432432432433
Jakkur,1858.0,3.0,123.0,3,6620.021528525296
Jakkuru Layout,1205.0,2.0,70.0,2,5809.128630705394
Nelamangala,1500.0,3.0,90.0,3,6000.0
Nagawara Junction,1200.0,3.0,200.0,3,16666.666666666668
Mysore Road,1020.0,2.0,48.95,2,4799.019607843137
Thanisandra,965.0,2.0,56.0,2,5803.108808290155
7th Phase JP Nagar,1800.0,6.0,270.0,5,15000.0
Hoysalanagar,1200.0,4.0,90.0,6,7500.0
Battarahalli,1636.0,2.0,82.89,2,5066.6259168704155
Kundalahalli,1724.0,3.0,125.0,3,7250.580046403712
Whitefield,1216.0,2.0,67.0,2,5509.868421052632
Yelahanka,654.0,1.0,36.25,1,5542.813455657492
Chikkabanavar,2460.0,7.0,80.0,4,3252.032520325203
Abbaiah Reddy Layout,1190.0,2.0,41.0,2,3445.378151260504
Tavarekere,1200.0,5.0,180.0,7,15000.0
Budigere,1636.0,3.0,92.0,3,5623.471882640587
Hennur Road,1195.0,2.0,73.0,2,6108.786610878661
Nagavara,2400.0,3.0,251.0,3,10458.333333333334
1st Block HRBR Layout,1250.0,2.0,67.0,2,5360.0
Whitefield,1452.0,3.0,90.0,3,6198.347107438017
Thanisandra,1546.0,3.0,95.0,3,6144.890038809832
Sarjapur  Road,3385.5,6.0,142.0,4,4194.358292718948
Indira Nagar,1440.0,3.0,275.0,3,19097.222222222223
Naganathapura,2260.0,3.0,80.0,2,3539.8230088495575
Tavarekere,2700.0,3.0,90.0,4,3333.3333333333335
Indira Nagar,1475.0,2.0,171.0,2,11593.22033898305
JP Nagar,3000.0,3.0,150.0,4,5000.0
KG Halli,375.0,1.0,26.0,1,6933.333333333333
Balagere,1007.0,2.0,66.0,2,6554.121151936445
Cubbon Road,5422.0,6.0,1900.0,4,35042.419771302106
Hennur Road,1020.0,2.0,47.0,2,4607.843137254902
Lavelle Road,1000.0,2.0,150.0,2,15000.0
Varanasi,800.0,3.0,59.5,2,7437.5
Geddalahalli,1200.0,3.0,95.0,5,7916.666666666667
Marathahalli,1125.0,2.0,55.0,2,4888.888888888889
Kudlu Gate,1150.0,9.0,140.0,9,12173.91304347826
Kada Agrahara,909.0,2.0,43.0,3,4730.47304730473
Whitefield,2850.0,5.0,240.0,4,8421.052631578947
Dodsworth Layout,1400.0,2.0,85.0,2,6071.428571428572
Kadugodi,1152.0,2.0,61.0,2,5295.138888888889
Subramanyapura,958.0,2.0,34.49,2,3600.2087682672236
Whitefield,1150.0,2.0,55.0,2,4782.608695652174
Old Madras Road,2990.0,5.0,173.0,3,5785.953177257525
Bellandur,1310.0,2.0,85.0,2,6488.5496183206105
Hosur Road,1590.0,2.0,126.0,3,7924.528301886792
Green Glen Layout,1645.0,3.0,110.0,3,6686.930091185411
Veerabhadra Nagar,1800.0,2.0,100.0,3,5555.555555555556
Thanisandra,1795.0,3.0,150.0,3,8356.545961002785
8th Phase JP Nagar,1100.0,2.0,35.0,2,3181.818181818182
Thanisandra,777.0,1.0,38.535,1,4959.459459459459
Kalkere,925.0,2.0,70.0,2,7567.5675675675675
Basavangudi,1542.14,3.0,120.0,3,7781.394685307429
Konanakunte,3746.0,6.0,375.0,4,10010.6780565937
Thanisandra,1430.0,2.0,54.0,3,3776.2237762237764
Bommanahalli,1020.0,2.0,55.0,2,5392.156862745098
Ramamurthy Nagar Extension,750.0,2.0,42.0,4,5600.0
Electronic City Phase II,1140.0,2.0,32.92,2,2887.719298245614
Anekal,967.0,2.0,45.0,3,4653.567735263702
Hebbal,2470.0,4.0,203.0,4,8218.623481781377
Maruthi Nagar,850.0,1.0,35.5,2,4176.470588235294
Vidhyanagar Cross,1100.0,2.0,32.0,2,2909.090909090909
Thanisandra,1697.0,3.0,110.0,3,6482.027106658809
Varthur,1250.0,2.0,47.0,2,3760.0
Gottigere,1120.0,2.0,50.0,2,4464.285714285715
NRI Layout,1200.0,4.0,95.0,4,7916.666666666667
Hennur Road,5100.0,6.0,375.0,5,7352.941176470588
7th Block Jayanagar,2400.0,3.0,480.0,4,20000.0
Hebbal,1200.0,2.0,52.0,2,4333.333333333333
7th Phase JP Nagar,1100.0,2.0,44.0,2,4000.0
 Devarachikkanahalli,1417.0,2.0,76.0,3,5363.443895553987
Thanisandra,1492.0,3.0,88.0,3,5898.123324396783
Devanahalli,1498.0,3.0,79.15,3,5283.711615487317
Bellari Road,3500.0,2.0,350.0,4,10000.0
Kundalahalli,1010.0,2.0,48.27,2,4779.207920792079
Hennur,1255.0,2.0,53.5,2,4262.948207171315
Channasandra,1050.0,2.0,35.0,2,3333.3333333333335
Hegde Nagar,1847.0,3.0,125.0,3,6767.73145641581
1st Stage Indira Nagar,1200.0,2.0,55.0,2,4583.333333333333
Bellandur,982.0,2.0,37.28,2,3796.3340122199593
Hegde Nagar,2144.6,4.0,145.0,3,6761.167583698592
Kengeri,750.0,2.0,36.5,2,4866.666666666667
Electronic City,919.0,2.0,35.0,2,3808.487486398259
Budigere,1087.0,2.0,54.3,2,4995.40018399264
Sunder Ram Shetty Nagar,1480.0,3.0,74.0,3,5000.0
Tindlu,1180.0,2.0,52.0,2,4406.779661016949
6th Block Jayanagar,2100.0,4.0,255.0,3,12142.857142857143
Jigani,1221.0,3.0,65.0,3,5323.505323505324
Haralur Road,1194.0,2.0,46.0,2,3852.5963149078725
Thanisandra,2072.0,3.0,122.0,3,5888.030888030888
Whitefield,1600.0,3.0,69.0,3,4312.5
Sahakara Nagar,2200.0,3.0,98.0,3,4454.545454545455
Rajaji Nagar,1640.0,3.0,220.0,3,13414.634146341463
Kaikondrahalli,1253.0,2.0,81.5,2,6504.38946528332
Hennur Road,1061.0,2.0,54.92,2,5176.248821866164
Marathahalli,1950.0,3.0,115.0,3,5897.4358974358975
Marathahalli,1250.0,2.0,68.0,2,5440.0
Hennur Road,1585.0,2.0,80.0,3,5047.318611987382
Kanakpura Road,1452.0,3.0,60.98,3,4199.724517906336
Kammasandra,1015.0,2.0,37.0,2,3645.320197044335
Begur Road,2464.5,6.0,118.0,4,4787.9894501927365
Marathahalli,1125.0,2.0,56.8,2,5048.888888888889
Electronic City Phase II,1116.0,2.0,40.0,2,3584.2293906810037
Kadarenahalli,400.0,1.0,35.0,1,8750.0
Kasavanhalli,4000.0,4.0,325.0,4,8125.0
Hebbal,3900.0,4.0,410.0,4,10512.820512820514
Old Madras Road,1300.0,2.0,100.0,2,7692.307692307692
Raja Rajeshwari Nagar,1419.0,2.0,60.42,2,4257.928118393234
Punappa Layout,1310.0,2.0,55.0,3,4198.473282442748
Thigalarapalya,2072.0,4.0,152.0,3,7335.907335907336
Kaggadasapura,1240.0,2.0,58.58,2,4724.193548387097
Chamrajpet,1565.0,3.0,98.91,3,6320.127795527156
Budigere,1820.0,3.0,89.0,3,4890.10989010989
Gubbalala,2500.0,3.0,88.0,3,3520.0
KR Puram,3657.0,5.0,310.0,5,8476.89362865737
Hosa Road,1245.0,2.0,62.0,2,4979.919678714859
GM Palaya,1315.0,3.0,65.0,3,4942.9657794676805
Kenchenahalli,1410.0,2.0,73.0,3,5177.304964539007
Dasarahalli,1375.0,2.0,60.0,2,4363.636363636364
Old Madras Road,1299.0,2.0,95.0,2,7313.317936874519
Pampa Extension,993.0,2.0,45.5,2,4582.074521651561
Bommasandra Industrial Area,1200.0,3.0,45.0,2,3750.0
Lavelle Road,985.0,2.0,156.0,2,15837.56345177665
4th Block Koramangala,2400.0,5.0,180.0,4,7500.0
Hebbal,1255.0,2.0,95.0,3,7569.721115537848
Hoodi,1655.0,3.0,131.0,3,7915.407854984895
Whitefield,2830.0,5.0,190.0,4,6713.780918727915
 Sector 1 HSR Layout,6000.0,1.0,276.0,1,4600.0
Electronic City,550.0,1.0,15.0,2,2727.2727272727275
Balaji Gardens Layout,825.0,2.0,40.0,1,4848.484848484848
Begur Road,1634.0,3.0,111.0,3,6793.145654834761
Kogilu,1200.0,6.0,105.0,8,8750.0
Banaswadi,1222.0,2.0,80.0,2,6546.6448445171845
Gottigere,1500.0,3.0,63.0,3,4200.0
Akshaya Nagar,1890.0,4.0,100.0,3,5291.005291005291
Hegde Nagar,3750.0,6.0,375.0,4,10000.0
Hulimavu,850.0,1.0,39.5,2,4647.058823529412
Whitefield,1295.0,2.0,78.5,2,6061.776061776061
Sarjapur  Road,1320.0,2.0,100.0,2,7575.757575757576
ISRO Layout,950.0,3.0,179.0,4,18842.105263157893
Hebbal,1200.0,4.0,225.0,4,18750.0
2nd Stage Nagarbhavi,3000.0,3.0,170.0,4,5666.666666666667
Harlur,1197.0,2.0,82.0,2,6850.459482038429
Hoysalanagar,1320.0,2.0,60.0,3,4545.454545454545
Billekahalli,1180.0,5.0,98.5,5,8347.457627118643
Whitefield,840.0,1.0,57.6,1,6857.142857142857
Whitefield,640.0,1.0,19.83,1,3098.4374999999995
Raja Rajeshwari Nagar,1693.0,3.0,71.38,3,4216.184288245718
Kodihalli,1000.0,2.0,62.0,2,6200.0
Babusapalaya,1305.0,2.0,70.0,2,5363.984674329502
Kodichikkanahalli,450.0,1.0,18.0,1,4000.0
CV Raman Nagar,705.0,1.0,57.0,1,8085.106382978724
Ilyas Nagar,750.0,6.0,75.0,4,10000.0
Tumkur Road,4800.0,5.0,150.0,5,3125.0
Koramangala Industrial Layout,5000.0,5.0,600.0,4,12000.0
Gubbalala,5000.0,4.0,425.0,4,8500.0
Whitefield,1991.0,3.0,104.0,3,5223.505775991964
Battarahalli,1779.0,3.0,90.0,3,5059.02192242833
Whitefield,10200.0,4.0,1250.0,4,12254.901960784313
Banaswadi,870.0,2.0,38.0,2,4367.816091954023
Thanisandra,1595.0,3.0,120.0,3,7523.510971786834
Kanakpura Road,525.0,1.0,26.0,1,4952.380952380952
Ramamurthy Nagar,945.0,5.0,120.0,4,12698.412698412698
Basaveswarnagar,2400.0,4.0,420.0,6,17500.0
Iblur Village,2000.0,4.0,138.0,3,6900.0
Yelahanka,1614.0,3.0,93.0,3,5762.081784386617
Gottigere,1200.0,2.0,40.0,2,3333.3333333333335
Electronic City Phase II,1150.0,3.0,46.0,3,4000.0
Indira Nagar,3200.0,4.0,440.0,4,13750.0
Sonnenahalli,1610.0,3.0,80.48,3,4998.757763975155
Whitefield,1190.0,2.0,41.0,2,3445.378151260504
Kallumantapa,1050.0,2.0,50.0,2,4761.9047619047615
Vaishnavi Layout,4800.0,5.0,420.0,4,8750.0
7th Phase JP Nagar,1460.0,2.0,97.0,3,6643.835616438356
Jaymahal Road,3400.0,3.0,400.0,3,11764.70588235294
Naganathapura,600.0,1.0,33.0,1,5500.0
Suraksha Nagar,1569.0,3.0,70.0,3,4461.440407903123
"Off Sarjapur Road, ",2600.0,3.0,147.0,3,5653.846153846154
Electronics City Phase 1,645.0,1.0,42.5,1,6589.147286821705
Nagarbhavi Garden Villas Layout,1200.0,3.0,180.0,4,15000.0
Nagarbhavi,800.0,3.0,95.0,3,11875.0
Mico Layout,800.0,2.0,80.0,2,10000.0
Marathahalli,1350.0,2.0,90.0,2,6666.666666666667
BTM 2nd Stage,2780.0,4.0,325.0,3,11690.647482014389
Rajarajeshwari Nagara,1410.0,2.0,45.12,3,3200.0
Whitefield,1109.0,2.0,35.47,2,3198.376916140667
Vasanth nagar,2000.0,3.0,1063.0,4,53150.0
Agrahara Dasarahalli,800.0,1.0,72.0,1,9000.0
Bannerghatta Road,1215.0,2.0,68.0,2,5596.707818930041
Basaveshwara Nagar,1230.0,6.0,250.0,8,20325.20325203252
Prithvi Layout,2273.0,4.0,192.0,3,8446.986361636604
Varthur Road,1255.0,2.0,52.76,2,4203.98406374502
B Narayanapura,1020.0,2.0,49.0,2,4803.921568627451
T R Mill Road,1225.0,2.0,82.0,3,6693.877551020408
Singasandra,1120.0,2.0,60.0,2,5357.142857142857
Victoria Layout,2400.0,5.0,625.0,5,26041.666666666668
Kasavanhalli,1225.0,2.0,69.0,3,5632.65306122449
Whitefield,5200.0,5.0,242.0,4,4653.846153846154
Indira Nagar,4000.0,4.0,700.0,4,17500.0
Sarjapur  Road,1984.0,4.0,145.0,3,7308.467741935484
Old Madras Road,2425.0,3.0,197.0,3,8123.711340206186
ITPL,1200.0,3.0,56.12,3,4676.666666666667
Bommasandra,1127.0,2.0,45.0,2,3992.9015084294588
Whitefield,1655.0,3.0,97.0,3,5861.027190332326
Ananth Nagar,500.0,1.0,14.0,1,2800.0
Varthur,1200.0,3.0,68.38,3,5698.333333333333
Kaggadasapura,1000.0,2.0,43.0,2,4300.0
CV Raman Nagar,1225.0,2.0,47.88,2,3908.5714285714284
Hormavu,1350.0,2.0,45.0,2,3333.3333333333335
Nagarbhavi,600.0,5.0,95.0,4,15833.333333333334
Sahakara Nagar,1175.0,2.0,49.0,2,4170.212765957447
Sanne Amanikere,655.0,1.0,27.0,1,4122.137404580153
Hosa Road,1311.0,2.0,84.86,3,6472.921434019832
Banashankari Stage VI,600.0,4.0,90.0,3,15000.0
CV Raman Nagar,1000.0,2.0,38.5,2,3850.0
Indira Nagar Stage 2,1196.0,2.0,96.0,2,8026.755852842809
Kanakpura Road,1050.0,2.0,59.0,3,5619.047619047619
Somasundara Palya,1275.0,2.0,52.0,3,4078.4313725490197
Hommadevanahalli,927.0,2.0,50.0,2,5393.743257820927
Varthur,1520.0,2.0,61.0,3,4013.157894736842
BTM Layout 2nd Stage 1st Phase,2400.0,5.0,395.0,4,16458.333333333332
Hebbal,1333.0,2.0,104.0,2,7801.950487621905
Tunganagara,600.0,1.0,18.0,1,3000.0
Abbigere,1326.0,2.0,34.8,3,2624.434389140271
Koramangala,1370.0,2.0,125.0,2,9124.087591240876
Koramangala,1100.0,2.0,85.0,2,7727.272727272727
Haralur Road,1650.0,3.0,100.0,3,6060.606060606061
Kasavanhalli,1917.0,3.0,132.0,3,6885.758998435055
Doddakannelli,780.0,3.0,75.0,3,9615.384615384615
Billekahalli,950.0,2.0,58.11,2,6116.8421052631575
T C Palya main Road,1175.0,2.0,48.72,2,4146.382978723404
8th Phase JP Nagar,1089.0,2.0,43.55,2,3999.0817263544536
Kalena Agrahara,1804.0,3.0,175.0,3,9700.665188470066
Hoodi,1257.0,2.0,68.5,2,5449.482895783612
Sarjapur,650.0,1.0,19.87,1,3056.923076923077
Whitefield,1850.0,3.0,150.0,3,8108.108108108108
Vishwapriya Nagar,2800.0,4.0,200.0,4,7142.857142857143
Vidyaranyapura,945.0,2.0,40.0,2,4232.804232804233
Koramangala,1161.0,2.0,63.85,2,5499.569336778639
Banashankari Stage V,1630.0,3.0,51.35,3,3150.306748466258
Jalahalli,1310.0,2.0,60.0,3,4580.152671755725
Lake City,750.0,2.0,28.0,2,3733.3333333333335
Whitefield,1200.0,3.0,67.77,3,5647.5
Vittal Nagar,1000.0,2.0,45.0,2,4500.0
Old Madras Road,4000.0,4.0,225.0,4,5625.0
Nagavara,1315.0,2.0,70.0,2,5323.19391634981
Sahakara Nagar,1370.0,2.0,90.0,3,6569.343065693431
Ulsoor,1200.0,4.0,150.0,5,12500.0
Bellandur,1465.0,3.0,90.0,2,6143.344709897611
JP Nagar,20000.0,3.0,175.0,3,875.0
Electronic City,1128.0,2.0,64.0,2,5673.758865248227
Padmanabhanagar,1250.0,2.0,70.0,3,5600.0
Hebbal,1645.0,3.0,117.0,3,7112.462006079028
Horamavu Agara,1284.0,2.0,75.0,3,5841.121495327103
Hebbal,2600.0,3.0,199.0,3,7653.846153846154
Kodigehalli,1820.0,3.0,150.0,3,8241.758241758242
Haralur Road,1580.0,3.0,73.0,3,4620.2531645569625
Akshaya Nagar,2650.0,3.0,125.0,3,4716.981132075472
Bannerghatta Road,1215.0,2.0,68.0,2,5596.707818930041
Uttarahalli,1075.0,2.0,40.0,2,3720.9302325581393
R.T. Nagar,1400.0,2.0,78.0,3,5571.428571428572
Subramanyapura,1400.0,2.0,55.0,3,3928.5714285714284
Bisuvanahalli,845.0,2.0,30.0,2,3550.2958579881656
Hegde Nagar,2600.0,4.0,40.0,4,1538.4615384615386
Sarjapur,3854.5,6.0,385.5,4,10001.297185108315
Richards Town,800.0,2.0,85.0,2,10625.0
Panathur,1199.0,2.0,85.0,2,7089.241034195163
Gunjur,1175.0,2.0,43.48,2,3700.425531914894
Sahakara Nagar,2400.0,3.0,270.0,3,11250.0
Bellandur,1767.0,3.0,109.0,3,6168.647425014148
Sarjapur  Road,1800.0,3.0,90.0,4,5000.0
Talaghattapura,1856.0,3.0,135.0,3,7273.706896551724
R.T. Nagar,1200.0,3.0,140.0,3,11666.666666666666
Rajaji Nagar,1613.0,3.0,150.0,3,9299.442033477992
Jakkur,6830.0,5.0,795.0,4,11639.824304538799
Whitefield,1290.0,2.0,90.0,2,6976.7441860465115
Kasavanhalli,1375.0,2.0,78.0,2,5672.727272727273
Bagalur,985.0,2.0,57.0,2,5786.802030456853
Jeevan bima nagar,1200.0,4.0,200.0,4,16666.666666666668
Singasandra,1099.0,2.0,37.5,2,3412.1929026387625
Electronic City,605.0,1.0,13.31,1,2200.0
1 Immadihalli,6000.0,12.0,150.0,11,2500.0
RMV Extension Stage 2,3600.0,7.0,160.0,7,4444.444444444444
Marathahalli,1200.0,2.0,53.0,2,4416.666666666667
Hulimavu,1000.0,2.0,45.0,2,4500.0
Electronic City,1159.0,2.0,38.0,3,3278.688524590164
Sarjapur  Road,3692.0,5.0,340.0,5,9209.100758396533
Devi Nagar,600.0,2.0,80.0,2,13333.333333333334
4th Block Koramangala,2400.0,4.0,600.0,4,25000.0
BTM Layout,1540.0,2.0,78.0,3,5064.935064935065
"JP Nagar 7th Phase, ",1503.0,2.0,93.0,3,6187.624750499002
Ambedkar Nagar,1850.0,4.0,120.0,3,6486.486486486487
Uttarahalli,1580.0,3.0,60.0,3,3797.46835443038
Mico Layout,1190.0,2.0,39.25,2,3298.3193277310925
Sampigehalli,1200.0,2.0,61.0,2,5083.333333333333
HAL 2nd Stage,1000.0,7.0,250.0,7,25000.0
Jakkur,850.0,1.0,19.9,2,2341.176470588235
Domlur,2180.0,3.0,285.0,3,13073.394495412844
Hennur Bande,2500.0,2.0,60.0,3,2400.0
ITPL,1200.0,3.0,56.12,3,4676.666666666667
Kamakshipalya,1500.0,2.0,52.0,3,3466.6666666666665
Navodaya Nagar,1200.0,3.0,180.0,5,15000.0
Thanisandra,1880.0,3.0,120.0,3,6382.978723404255
Padmanabhanagar,1150.0,2.0,45.0,2,3913.0434782608695
Kasavanhalli,4408.0,4.0,344.0,4,7803.992740471869
Bellandur,924.0,2.0,35.11,2,3799.78354978355
Sarjapur  Road,7800.0,6.0,385.0,5,4935.897435897436
Kumaraswami Layout,600.0,6.0,100.0,6,16666.666666666668
Pattanagere,750.0,4.0,95.0,4,12666.666666666666
Karuna Nagar,1962.0,3.0,175.0,3,8919.469928644241
2nd Stage Nagarbhavi,1200.0,4.0,240.0,5,20000.0
B Narayanapura,1765.0,3.0,77.27,3,4377.903682719547
Attibele,1174.0,2.0,29.35,2,2500.0
Bannerghatta Road,1894.0,3.0,115.0,3,6071.805702217529
Ramamurthy Nagar,960.0,2.0,138.0,4,14375.0
Sector 7 HSR Layout,1760.0,3.0,142.0,3,8068.181818181818
Doddanakundi Industrial Area 2,1768.0,3.0,95.0,3,5373.303167420814
Kothanur,1790.0,3.0,97.0,3,5418.994413407821
Kumara Park,3500.0,5.0,800.0,4,22857.14285714286
Whitefield,1200.0,2.0,45.0,2,3750.0
Kengeri,2540.0,4.0,160.0,4,6299.212598425197
Mahadevpura,1137.0,2.0,53.4,2,4696.5699208443275
Guni Agrahara,1200.0,6.0,115.0,7,9583.333333333334
Mysore Road,1568.0,2.0,100.0,3,6377.551020408163
Devanahalli,4920.0,4.0,393.5,4,7997.967479674797
AECS Layout,1308.0,2.0,60.0,2,4587.155963302752
Shankarapuram,3060.0,4.0,350.0,4,11437.908496732027
Bisuvanahalli,1200.0,2.0,41.0,3,3416.6666666666665
Shetty Halli,800.0,1.0,32.0,1,4000.0
Electronic City,530.0,1.0,13.5,1,2547.169811320755
Bisuvanahalli,873.0,2.0,40.0,3,4581.901489117984
AGB Layout,3000.0,6.0,145.0,7,4833.333333333333
2nd Stage Arekere Mico Layout,1200.0,4.0,235.0,4,19583.333333333332
Subramanyapura,958.0,2.0,33.53,2,3500.0
Thigalarapalya,2072.0,4.0,160.0,3,7722.007722007722
Talaghattapura,2273.0,3.0,159.0,3,6995.160580730312
Banashankari Stage VI,600.0,3.0,90.0,3,15000.0
Thanisandra,760.0,1.0,50.0,1,6578.9473684210525
Dommasandra,1090.0,2.0,43.5,2,3990.8256880733943
Thigalarapalya,2072.0,4.0,155.0,3,7480.694980694981
Bellandur,2666.0,3.0,230.0,3,8627.156789197299
Sarjapur  Road,1550.0,2.0,89.0,3,5741.935483870968
Ramagondanahalli,1251.0,2.0,50.0,2,3996.802557953637
Electronic City,1070.0,2.0,53.0,2,4953.271028037383
Kalena Agrahara,1200.0,2.0,45.0,2,3750.0
CV Raman Nagar,1435.0,2.0,60.0,3,4181.184668989547
Bommasandra,1400.0,2.0,45.0,3,3214.285714285714
Judicial Layout,2330.0,3.0,94.71,4,4064.8068669527897
Thanisandra,1200.0,2.0,60.0,2,5000.0
Panathur,1000.0,2.0,40.0,2,4000.0
Bannerghatta Road,1655.0,2.0,62.89,3,3800.0
Raja Rajeshwari Nagar,3600.0,9.0,240.0,9,6666.666666666667
Bidrahalli,600.0,1.0,35.0,1,5833.333333333333
Electronics City Phase 1,1175.0,2.0,50.0,2,4255.31914893617
Uttarahalli,1155.0,2.0,40.43,2,3500.4329004329006
Magadi Road,1200.0,3.0,98.0,3,8166.666666666667
Budigere,1149.0,2.0,65.0,2,5657.093124456049
Choodasandra,3200.0,4.0,375.0,4,11718.75
Chinnapanahalli,1010.0,2.0,55.0,2,5445.544554455446
Hegde Nagar,1718.0,3.0,119.0,3,6926.6589057043075
Bilal Nagar,650.0,1.0,20.0,2,3076.923076923077
Banashankari,1330.0,2.0,77.0,2,5789.473684210527
Hormavu,1200.0,2.0,68.0,2,5666.666666666667
Bannerghatta Road,1693.0,3.0,89.0,3,5256.940342587123
Koramangala,1249.0,2.0,165.0,2,13210.56845476381
Thanisandra,1800.0,4.0,125.0,3,6944.444444444444
Margondanahalli,900.0,2.0,55.0,2,6111.111111111111
NGR Layout,1020.0,2.0,46.0,2,4509.803921568628
Amruthahalli,1700.0,3.0,77.0,3,4529.411764705882
Panathur,661.0,1.0,40.0,1,6051.437216338881
Bannerghatta Road,1280.0,2.0,60.16,2,4700.0
Krishna Nagar,1000.0,4.0,90.0,5,9000.0
Hosur Road,1170.0,2.0,48.0,2,4102.5641025641025
Thanisandra,933.0,2.0,58.0,1,6216.505894962486
Sarjapur  Road,1150.0,2.0,44.0,2,3826.086956521739
Benson Town,3633.0,6.0,550.0,4,15139.003578309937
Rajaji Nagar,1380.0,3.0,130.0,3,9420.289855072464
Banjara Layout,1050.0,2.0,64.8,2,6171.428571428572
Kanakapura Main Road,1080.0,2.0,37.8,2,3499.9999999999995
Harlur,1303.0,2.0,90.0,2,6907.137375287797
Raja Rajeshwari Nagar,1196.0,2.0,40.54,2,3389.632107023411
Nagarbhavi,2500.0,3.0,180.0,5,7200.0
Sarjapur  Road,1200.0,4.0,95.0,5,7916.666666666667
Bommanahalli,1250.0,3.0,41.0,3,3280.0
Akshaya Nagar,1419.0,2.0,87.0,3,6131.0782241014795
Banashankari,1200.0,2.0,49.0,2,4083.3333333333335
7th Phase JP Nagar,1120.0,2.0,65.0,2,5803.571428571428
Electronics City Phase 1,762.5,1.0,45.4,1,5954.098360655737
Electronics City Phase 1,1245.0,2.0,75.0,2,6024.096385542169
Palanahalli,3978.0,4.0,428.0,4,10759.175465057819
Channasandra,1093.0,2.0,34.0,2,3110.704483074108
Electronic City,1025.0,1.0,26.63,2,2598.048780487805
Hebbal,1345.0,2.0,97.0,2,7211.8959107806695
Suryanagar,1500.0,2.0,45.0,2,3000.0
Vijayanagar,1180.0,2.0,86.0,2,7288.135593220339
NGR Layout,1020.0,2.0,48.45,2,4750.0
Nanjappa Layout,1800.0,3.0,85.0,3,4722.222222222223
Konanakunte,3621.0,4.0,511.0,4,14112.123722728527
Banagiri Nagar,2008.0,3.0,170.0,3,8466.135458167331
Kothannur,1240.0,2.0,39.85,3,3213.7096774193546
CV Raman Nagar,1020.0,2.0,55.0,2,5392.156862745098
2nd Stage Arekere Mico Layout,2095.0,3.0,142.0,3,6778.042959427207
Gunjur,1362.0,3.0,62.63,3,4598.384728340676
Yelahanka,694.0,1.0,30.84,1,4443.804034582133
Vittasandra,1404.0,2.0,70.0,2,4985.754985754986
Electronic City Phase II,1192.0,2.0,47.0,3,3942.953020134228
Wilson Garden,1850.0,12.0,300.0,8,16216.216216216217
Mahalakshmi Layout,1050.0,1.0,35.0,4,3333.3333333333335
Vittasandra,1259.0,2.0,67.48,2,5359.809372517871
Kengeri,1000.0,2.0,34.0,2,3400.0
Rachenahalli,985.0,2.0,49.97,2,5073.096446700508
Indira Nagar,850.0,1.0,60.0,1,7058.823529411765
Uttarahalli,1650.0,2.0,50.0,3,3030.3030303030305
Rajaji Nagar,2400.0,3.0,320.0,5,13333.333333333334
Sarjapur  Road,1900.0,4.0,180.0,3,9473.684210526315
Ambedkar Nagar,1367.0,2.0,86.0,2,6291.148500365764
Rajaji Nagar,1210.0,2.0,81.0,3,6694.214876033057
Duvasapalya,1190.0,2.0,48.6,2,4084.0336134453783
Sarjapur,1175.0,2.0,42.0,2,3574.468085106383
R.T. Nagar,2800.0,4.0,400.0,4,14285.714285714286
Whitefield,1140.0,2.0,40.0,2,3508.7719298245615
Hoskote,1095.0,2.0,33.6,2,3068.4931506849316
Attibele,782.0,1.0,19.55,1,2500.0
Gubbalala,1435.0,2.0,80.0,3,5574.912891986062
Choodasandra,725.0,2.0,36.0,2,4965.517241379311
BCMC Layout,1600.0,2.0,88.0,3,5500.0
9th Phase JP Nagar,1200.0,5.0,160.0,5,13333.333333333334
Hosakerehalli,3205.0,4.0,300.0,4,9360.374414976599
Vishwapriya Layout,720.0,3.0,95.0,4,13194.444444444445
Nehru Nagar,1674.0,3.0,90.0,3,5376.344086021505
Jnanabharathi Layout,860.0,4.0,125.0,4,14534.883720930233
Haralur Road,1243.0,2.0,46.0,2,3700.7240547063557
Kanakpura Road,1703.0,3.0,130.0,3,7633.587786259542
Padmanabhanagar,1350.0,3.0,71.55,3,5300.0
Horamavu Agara,1145.0,2.0,41.21,2,3599.126637554585
Whitefield,1216.0,2.0,75.0,2,6167.763157894737
7th Phase JP Nagar,1100.0,3.0,60.0,2,5454.545454545455
Sarjapur  Road,2425.0,5.0,201.0,4,8288.659793814433
Kothanur,2700.0,4.0,175.0,4,6481.481481481482
Raja Rajeshwari Nagar,1196.0,2.0,40.54,2,3389.632107023411
Kanakpura Road,1600.0,3.0,90.0,3,5625.0
Banashankari Stage V,1510.0,3.0,47.57,3,3150.3311258278145
Hosakerehalli,3033.0,4.0,326.0,4,10748.433893834488
Pai Layout,780.0,2.0,72.0,2,9230.76923076923
Haralur Road,1194.0,2.0,47.0,2,3936.348408710218
Banashankari Stage II,1250.0,2.0,110.0,2,8800.0
Sarjapur  Road,1480.0,4.0,169.0,5,11418.918918918918
Horamavu Agara,1250.0,4.0,100.0,4,8000.0
Udaya Nagar,1350.0,4.0,160.0,4,11851.851851851852
Laggere,620.0,2.0,48.0,1,7741.935483870968
Raja Rajeshwari Nagar,1630.0,3.0,60.65,3,3720.8588957055213
Hennur Road,1020.0,2.0,45.0,2,4411.764705882353
Hosakerehalli,1410.0,2.0,53.58,3,3800.0
Bhoganhalli,1181.7,2.0,100.0,2,8462.384700008462
9th Block Jayanagar,1200.0,8.0,270.0,9,22500.0
Sarjapur  Road,1691.0,3.0,113.0,3,6682.436428149024
KR Puram,1200.0,4.0,83.0,4,6916.666666666667
Banaswadi,1200.0,2.0,60.0,2,5000.0
Old Airport Road,1050.0,2.0,50.0,2,4761.9047619047615
Kathriguppe,1300.0,3.0,77.99,3,5999.230769230769
Whitefield,1356.0,2.0,94.84,2,6994.100294985251
Whitefield,1338.0,2.0,103.0,2,7698.056801195815
Kengeri Satellite Town Stage II,500.0,1.0,20.0,1,4000.0
Vasantha Vallabha Nagar,1280.0,2.0,100.0,3,7812.5
Raja Rajeshwari Nagar,1531.0,3.0,51.77,3,3381.4500326583934
Church Street,11000.0,4.0,1600.0,4,14545.454545454546
Anekal,620.0,1.0,23.5,2,3790.3225806451615
8th Phase JP Nagar,1605.0,2.0,65.0,3,4049.8442367601247
Thanisandra,1917.0,3.0,110.0,3,5738.132498695879
Nagarbhavi,1200.0,3.0,340.0,4,28333.333333333332
Srinivas Colony,2750.0,3.0,943.0,3,34290.90909090909
Sarjapur  Road,1400.0,3.0,55.0,3,3928.5714285714284
Thubarahalli,2625.0,3.0,175.0,3,6666.666666666667
Sahakara Nagar,1100.0,2.0,55.0,2,5000.0
Hennur Road,2041.0,3.0,128.0,3,6271.435570798628
Sarjapur  Road,2070.0,4.0,160.0,3,7729.468599033817
Hebbal,1110.0,3.0,59.0,3,5315.315315315315
Uday Nagar,1650.0,3.0,110.0,3,6666.666666666667
Ambedkar Nagar,3565.0,4.0,255.0,4,7152.875175315568
Varthur Road,1033.0,2.0,30.47,3,2949.6611810261375
HSR Layout,1142.0,2.0,65.0,2,5691.768826619965
Mathikere,1500.0,2.0,75.0,3,5000.0
Electronic City Phase II,1502.0,3.0,50.0,3,3328.894806924101
Shree Ananth Nagar Layout,1176.0,2.0,45.0,3,3826.530612244898
Hosa Road,1063.0,2.0,32.8,2,3085.6067732831602
Kammanahalli,1100.0,2.0,60.0,2,5454.545454545455
Kamakshipalya,1044.0,2.0,85.0,2,8141.762452107279
Sarjapur  Road,5400.0,3.0,700.0,3,12962.962962962964
6th Phase JP Nagar,1216.0,2.0,60.0,2,4934.210526315789
Suddaguntepalya,1425.0,3.0,55.0,3,3859.6491228070176
Hongasandra,1200.0,8.0,150.0,8,12500.0
Hosur Road,1345.0,2.0,108.0,2,8029.739776951673
Marathahalli,1248.0,2.0,130.0,2,10416.666666666666
Chaitanya Ananya,1830.0,4.0,325.0,4,17759.562841530056
Shankarapuram,900.0,1.0,130.0,2,14444.444444444445
Bellandur,3600.0,4.0,245.0,4,6805.555555555556
Uttarahalli,1025.0,2.0,35.88,2,3500.4878048780492
Nagashetty Halli,840.0,1.0,99.0,2,11785.714285714286
Lakshminarayana Pura,3050.0,2.0,90.0,3,2950.8196721311474
Kadubeesanahalli,1424.0,2.0,75.0,3,5266.853932584269
EPIP Zone,2500.0,3.0,268.0,3,10720.0
ISRO Layout,1200.0,6.0,230.0,6,19166.666666666668
Byrasandra Extension,1285.0,2.0,45.0,2,3501.9455252918287
Babusapalaya,1450.0,2.0,55.99,2,3861.3793103448274
Raja Rajeshwari Nagar,1160.0,2.0,70.0,2,6034.482758620689
Yelahanka New Town,2700.0,3.0,350.0,3,12962.962962962964
Gattahalli,2000.0,2.0,95.0,3,4750.0
Uttarahalli,1125.0,2.0,47.65,2,4235.555555555556
Old Madras Road,3900.0,4.0,175.0,4,4487.179487179487
Raja Rajeshwari Nagar,1133.0,2.0,38.37,2,3386.5842894969105
Arekere,1240.0,2.0,60.0,2,4838.709677419355
Devanahalli,1466.0,3.0,77.59,3,5292.633015006822
Outer Ring Road East,3870.0,4.0,411.0,4,10620.15503875969
Ramagondanahalli,1610.0,2.0,115.0,3,7142.857142857143
Sarjapur  Road,1220.0,3.0,56.0,3,4590.163934426229
Kaggadasapura,1225.0,2.0,48.0,2,3918.3673469387754
Akshaya Nagar,1300.0,2.0,54.0,2,4153.846153846154
Thanisandra,1996.0,4.0,123.0,3,6162.324649298597
Mallathahalli,1320.0,2.0,55.0,3,4166.666666666667
Rajaji Nagar,1800.0,3.0,240.0,3,13333.333333333334
Richmond Town,1835.0,3.0,175.0,3,9536.784741144415
Sarjapur  Road,1435.0,3.0,90.0,3,6271.777003484321
Whitefield,4097.0,3.0,400.0,3,9763.24139614352
Rayasandra,1601.0,3.0,70.0,3,4372.2673329169265
Kadubeesanahalli,1257.0,2.0,93.0,2,7398.568019093079
Iblur Village,3596.0,5.0,260.0,4,7230.255839822024
Kasavanhalli,1309.0,2.0,95.0,2,7257.448433919022
Yeshwanthpur,1362.0,2.0,100.0,2,7342.143906020558
Whitefield,1115.0,2.0,55.0,2,4932.735426008969
Whitefield,1870.0,3.0,90.0,3,4812.834224598931
manyata park,1322.0,2.0,61.99,2,4689.10741301059
Telecom Layout,1450.0,2.0,65.0,3,4482.758620689655
Banashankari,1185.0,2.0,67.0,2,5654.008438818565
7th Phase JP Nagar,1790.0,3.0,120.0,3,6703.91061452514
Whitefield,3450.0,4.0,208.0,3,6028.985507246377
Rachenahalli,1050.0,2.0,52.5,2,5000.0
Budigere,693.0,1.0,27.375,1,3950.21645021645
Sarjapur  Road,5400.0,4.0,750.0,4,13888.888888888889
Devanahalli,775.0,1.0,39.0,1,5032.258064516129
Hoodi,1000.0,2.0,48.0,2,4800.0
Thanisandra,1183.0,2.0,77.25,2,6530.0084530853765
Binny Pete,1282.0,3.0,178.0,3,13884.555382215289
Alur,425.0,1.0,15.0,1,3529.4117647058824
Nelamangala,820.0,2.0,30.0,2,3658.5365853658536
Richmond Town,2230.0,4.0,792.0,4,35515.695067264576
Hebbal,1200.0,2.0,52.0,2,4333.333333333333
Ramagondanahalli,1151.0,2.0,43.6,2,3788.010425716768
Hulimavu,1320.0,2.0,59.0,3,4469.69696969697
Bikasipura,1450.0,3.0,68.0,3,4689.6551724137935
Poorna Pragna Layout,1270.0,2.0,50.79,3,3999.212598425197
Hegde Nagar,1847.0,3.0,123.0,3,6659.447753113156
Devanahalli,1020.0,2.0,49.87,1,4889.21568627451
Somasundara Palya,1650.0,3.0,95.0,3,5757.575757575758
Richmond Town,2380.0,4.0,242.0,4,10168.067226890757
Electronic City,2400.0,2.0,78.0,3,3250.0
Begur Road,1160.0,2.0,44.0,2,3793.103448275862
Haralur Road,2805.0,4.0,154.0,4,5490.196078431372
Mysore Road,1360.0,3.0,47.6,3,3500.0
Brookefield,1089.0,2.0,49.0,2,4499.540863177227
Yelahanka,1115.0,2.0,60.0,2,5381.165919282511
Kudlu Gate,1215.0,2.0,45.0,2,3703.703703703704
Sarjapur  Road,1194.0,2.0,51.0,2,4271.356783919598
Kannamangala,1536.0,3.0,104.0,3,6770.833333333333
Hennur,1255.0,2.0,55.5,2,4422.310756972111
Electronic City,1571.0,3.0,83.0,3,5283.259070655633
Virupakshapura,900.0,1.0,70.0,2,7777.777777777777
Keshava Nagar,1517.0,2.0,125.0,2,8239.947264337508
Budigere,664.0,1.0,35.4,1,5331.325301204819
 Devarachikkanahalli,1230.0,2.0,58.0,2,4715.447154471544
Hegde Nagar,1340.0,2.0,72.0,2,5373.134328358209
Attibele,1175.0,2.0,29.38,2,2500.425531914894
Benson Town,3569.0,4.0,600.0,4,16811.43177360605
Sarjapur,1240.0,2.0,43.1,2,3475.8064516129034
Electronic City,1470.0,2.0,44.1,3,3000.0
7th Phase JP Nagar,1680.0,3.0,117.0,3,6964.285714285715
Sri Sai Layout,1000.0,2.0,35.0,2,3500.0
Gunjur,1071.0,2.0,51.0,2,4761.9047619047615
Sector 2 HSR Layout,1512.0,3.0,80.0,3,5291.005291005291
Frazer Town,3435.0,2.0,341.0,4,9927.21979621543
Thanisandra main road,3144.0,3.0,455.0,3,14472.010178117049
Kalyan nagar,1190.0,2.0,60.0,2,5042.016806722689
Pattandur Agrahara,1550.0,2.0,80.0,3,5161.290322580645
Kanakpura Road,1283.0,2.0,63.22,2,4927.5136399064695
Mallasandra,1325.0,2.0,73.0,2,5509.433962264151
Whitefield,1105.0,2.0,35.36,2,3200.0
Banaswadi,1600.0,3.0,74.5,3,4656.25
Devara Jeevanahalli,400.0,2.0,35.0,4,8750.0
Hennur,1100.0,2.0,44.55,2,4050.0
Talaghattapura,2099.0,3.0,147.0,3,7003.334921391139
Yelachenahalli,1365.0,2.0,72.0,3,5274.725274725275
Hebbal Kempapura,1485.0,3.0,132.0,2,8888.888888888889
Hosur Road,1250.0,2.0,55.0,2,4400.0
Chikkalasandra,1290.0,2.0,56.12,3,4350.387596899225
Bellandur,1170.0,2.0,46.79,2,3999.1452991452993
Kanakpura Road,1328.0,2.0,91.06,2,6856.9277108433735
Hennur Road,1232.0,2.0,87.0,2,7061.688311688312
1st Phase JP Nagar,1180.0,2.0,88.5,2,7500.0
Electronic City,1350.0,3.0,66.0,3,4888.888888888889
Nagawara Junction,3602.0,4.0,280.0,4,7773.459189339256
Nagasandra,2400.0,4.0,145.0,4,6041.666666666667
Electronic City Phase II,1020.0,2.0,32.0,2,3137.2549019607845
Begur Road,1410.0,2.0,49.34,3,3499.290780141844
Vishwanatha Nagenahalli,2159.0,3.0,120.0,3,5558.12876331635
TC Palaya,1200.0,2.0,66.0,3,5500.0
Hennur,1255.0,2.0,57.5,2,4581.673306772908
Whitefield,1074.0,2.0,42.79,2,3984.171322160149
Suragajakkanahalli,1200.0,3.0,72.0,3,6000.0
Sarjapur,1170.0,2.0,35.41,3,3026.495726495726
Tumkur Road,728.5,1.0,31.315,1,4298.558682223747
Bommanahalli,1660.0,2.0,100.0,3,6024.096385542169
Gattigere,900.0,6.0,95.0,5,10555.555555555555
SK Garden,1850.0,3.0,175.0,6,9459.45945945946
Gowdanapalya,510.0,1.0,34.0,1,6666.666666666667
Mahadevpura,1601.0,3.0,95.0,3,5933.791380387258
Begur Road,952.0,2.0,42.0,2,4411.764705882353
PNS Layout,1166.0,2.0,65.0,2,5574.614065180103
Venkatapura,2700.0,2.0,260.0,3,9629.62962962963
Electronic City Phase II,1900.0,3.0,97.0,4,5105.263157894737
Mathikere,1350.0,2.0,175.0,3,12962.962962962964
Haralur Road,1520.0,2.0,96.0,3,6315.789473684211
Harsha Layout,2100.0,6.0,100.0,4,4761.9047619047615
Yelenahalli,1175.0,2.0,50.0,2,4255.31914893617
Bharathi Nagar,1432.0,2.0,68.0,2,4748.6033519553075
Bommasandra Industrial Area,1005.0,2.0,39.77,2,3957.213930348259
Rajiv Nagar,1309.0,2.0,80.0,2,6111.535523300229
Dairy Circle,2251.0,4.0,370.0,3,16437.139049311416
7th Phase JP Nagar,1050.0,2.0,77.0,2,7333.333333333333
Kanakpura Road,1100.0,3.0,53.0,3,4818.181818181818
Sanjay nagar,2400.0,3.0,310.0,3,12916.666666666666
Begur Road,1565.0,2.0,56.34,3,3600.0
1st Stage Indira Nagar,940.0,2.0,56.0,2,5957.446808510638
Yarandahalli,1015.0,2.0,40.1,2,3950.7389162561576
BTM 2nd Stage,2400.0,2.0,360.0,3,15000.0
Electronic City,1652.0,3.0,110.0,3,6658.595641646489
Whitefield,1100.0,2.0,52.0,2,4727.272727272727
Rajiv Nagar,2340.0,4.0,145.0,4,6196.581196581196
Koramangala,1084.0,2.0,179.0,2,16512.91512915129
Kammanahalli,1200.0,1.0,81.0,2,6750.0
Kacharakanahalli,1400.0,3.0,69.0,3,4928.571428571428
HBR Layout,2400.0,5.0,320.0,4,13333.333333333334
Electronic City Phase II,1020.0,2.0,27.43,2,2689.2156862745096
Whitefield,1267.0,2.0,90.33,2,7129.439621152328
Bhoganhalli,2439.0,4.0,185.0,4,7585.075850758508
Ashwath Nagar,1645.0,3.0,95.0,3,5775.075987841945
Sahakara Nagar,1100.0,2.0,75.0,3,6818.181818181818
Electronic City,1320.0,2.0,38.12,3,2887.8787878787875
Ananth Nagar,1000.0,2.0,29.7,2,2970.0
Whitefield,5000.0,5.0,550.0,4,11000.0
KR Puram,2500.0,6.0,58.0,6,2320.0
Kengeri Satellite Town,2480.0,2.0,160.0,2,6451.612903225807
Kalyan nagar,1086.0,2.0,44.5,2,4097.605893186003
Kengeri,416.0,1.0,18.0,1,4326.923076923077
Hennur Road,1066.0,2.0,52.23,2,4899.624765478424
OMBR Layout,1730.0,3.0,93.0,3,5375.722543352601
Balagere,1205.0,2.0,63.86,2,5299.585062240664
Marathahalli,2500.0,5.0,175.0,4,7000.0
Subramanyapura,960.0,2.0,55.0,2,5729.166666666667
Haralur Road,1510.0,3.0,83.05,3,5500.0
Kanaka Nagar,1600.0,4.0,90.0,4,5625.0
Old Madras Road,2300.0,3.0,142.0,3,6173.913043478261
Jakkasandra Extension,1000.0,2.0,63.0,2,6300.0
Poorna Pragna Layout,1160.0,2.0,46.39,2,3999.137931034483
Hormavu,1553.0,2.0,58.23,3,3749.5170637475853
Frazer Town,3436.0,5.0,345.0,4,10040.745052386495
Seegehalli,1134.0,2.0,45.0,2,3968.253968253968
Nagasandra,600.0,4.0,80.0,4,13333.333333333334
Horamavu Agara,2400.0,3.0,80.0,5,3333.3333333333335
Whitefield,2400.0,4.0,143.0,4,5958.333333333333
Nagashetty Halli,1350.0,2.0,65.0,2,4814.814814814815
Sarjapur,1032.0,2.0,42.0,2,4069.767441860465
Tigalarpalya,1998.0,3.0,117.0,3,5855.855855855856
Murugeshpalya,1225.0,2.0,48.0,2,3918.3673469387754
Sarjapur  Road,1262.0,2.0,67.0,2,5309.033280507131
Badavala Nagar,1842.0,3.0,115.0,3,6243.213897937025
Thomas Town,1300.0,2.0,60.0,2,4615.384615384615
Kothannur,1070.0,2.0,38.6,2,3607.4766355140187
"Electronic city Phase 1, ",950.0,2.0,33.0,2,3473.684210526316
Balagere,1012.0,2.0,53.58,2,5294.466403162055
TC Palaya,1000.0,2.0,70.0,2,7000.0
Kadugodi,1394.0,2.0,56.0,2,4017.2166427546626
Amruthahalli,1450.0,2.0,85.0,3,5862.068965517241
 Banaswadi,527.0,1.0,35.0,1,6641.366223908918
Sarjapur  Road,1693.0,3.0,125.0,3,7383.343177790904
Thigalarapalya,3122.0,6.0,235.0,4,7527.226137091608
Horamavu Agara,1000.0,2.0,46.0,2,4600.0
Kogilu,952.0,2.0,49.0,2,5147.058823529412
Malleshwaram,2050.0,4.0,270.0,3,13170.731707317073
Kengeri,1200.0,1.0,14.0,1,1166.6666666666667
Mysore Road,1410.0,2.0,64.0,3,4539.007092198582
Hebbal Kempapura,1400.0,2.0,108.0,2,7714.285714285715
Chikka Tirupathi,3056.0,5.0,100.0,4,3272.251308900524
Sarjapur  Road,1826.0,3.0,125.0,3,6845.564074479737
Hosur Road,1689.0,3.0,103.0,3,6098.283007696862
Bisuvanahalli,1075.0,2.0,31.0,3,2883.720930232558
Bannerghatta Road,2500.0,4.0,1400.0,5,56000.0
Hennur,960.0,2.0,48.0,2,5000.0
Channasandra,808.0,2.0,40.0,2,4950.495049504951
Kodichikkanahalli,907.0,2.0,38.5,2,4244.7629547960305
Uttarahalli,1300.0,2.0,55.0,2,4230.7692307692305
Sector 1 HSR Layout,1804.0,3.0,150.0,3,8314.855875831485
Naidu Layout,1350.0,3.0,81.0,3,6000.0
Whitefield,1836.0,3.0,125.0,3,6808.278867102396
Sugama Layout,826.0,2.0,36.0,2,4358.353510895884
Hormavu,1200.0,2.0,68.0,2,5666.666666666667
1st Block Koramangala,3000.0,3.0,300.0,4,10000.0
Indira Nagar,2400.0,4.0,405.0,4,16875.0
6th Phase JP Nagar,1460.0,2.0,80.0,2,5479.45205479452
Hoskote,1200.0,4.0,140.0,4,11666.666666666666
BTM 2nd Stage,965.0,2.0,56.0,2,5803.108808290155
Kothannur,2000.0,4.0,95.0,4,4750.0
Bhoganhalli,1395.0,2.0,70.0,3,5017.921146953405
Sarjapur  Road,1660.0,3.0,116.0,3,6987.951807228916
Kada Agrahara,935.0,2.0,35.0,2,3743.3155080213905
Hongasandra,1180.0,2.0,39.0,2,3305.084745762712
Electronic City,1090.0,2.0,31.48,2,2888.0733944954127
Kanakpura Road,1204.0,2.0,82.0,2,6810.631229235881
Thigalarapalya,2072.0,4.0,153.0,3,7384.169884169884
Haralur Road,1056.0,2.0,65.0,2,6155.30303030303
Hebbal,985.0,2.0,62.0,2,6294.416243654822
Banashankari Stage V,1315.0,2.0,49.0,3,3726.235741444867
KR Puram,734.0,2.0,22.0,2,2997.275204359673
Kammanahalli,2900.0,4.0,200.0,4,6896.551724137931
Yelahanka,2317.0,4.0,140.0,3,6042.296072507553
Singasandra,600.0,1.0,45.0,1,7500.0
Vishwanatha Nagenahalli,2200.0,3.0,115.0,4,5227.272727272727
Attibele,656.0,2.0,25.0,2,3810.9756097560976
Attibele,400.0,1.0,11.5,1,2875.0
Yeshwanthpur,666.0,1.0,36.8,1,5525.525525525525
Kadubeesanahalli,3293.0,5.0,425.0,4,12906.16459155785
7th Phase JP Nagar,1174.0,2.0,47.0,2,4003.4071550255535
Budigere,1153.0,2.0,56.7,2,4917.606244579359
Jalahalli,1000.0,4.0,90.0,4,9000.0
Narayanapura,2400.0,5.0,85.0,5,3541.6666666666665
Marathahalli,957.0,2.0,47.0,2,4911.180773249739
Banashankari Stage III,910.0,2.0,160.0,2,17582.417582417584
Sarjapur  Road,1060.0,2.0,50.0,2,4716.981132075472
Banashankari,1000.0,2.0,50.0,2,5000.0
Kanakpura Road,1843.0,3.0,88.0,3,4774.823657080847
Kanakpura Road,1150.0,2.0,40.25,3,3500.0
Chandapura,1230.0,2.0,31.37,3,2550.4065040650407
Kodihalli,3197.0,5.0,335.0,4,10478.573662808883
Kanakpura Road,1703.0,3.0,130.0,3,7633.587786259542
Kaval Byrasandra,1125.0,2.0,41.5,2,3688.8888888888887
Battarahalli,1516.0,3.0,65.0,3,4287.598944591029
Brookefield,1130.0,2.0,56.0,2,4955.7522123893805
Iblur Village,3596.0,5.0,279.0,4,7758.620689655172
Hosa Road,1512.0,3.0,103.0,3,6812.169312169312
Thanisandra,1491.0,3.0,88.0,3,5902.079141515761
Cox Town,1250.0,2.0,95.0,2,7600.0
Banashankari,1650.0,3.0,90.75,3,5500.0
Raja Rajeshwari Nagar,1140.0,2.0,48.7,2,4271.929824561404
Behind Don Bosco Church,1200.0,4.0,110.0,4,9166.666666666666
Thanisandra,1881.0,3.0,95.0,3,5050.50505050505
Kanakpura Road,1100.0,3.0,56.57,3,5142.727272727273
Iblur Village,2666.0,4.0,200.0,3,7501.875468867217
Bagalur,1500.0,2.0,50.0,2,3333.3333333333335
Seshadripuram,1217.0,2.0,164.0,2,13475.760065735414
Whitefield,1197.0,2.0,50.0,2,4177.109440267335
BHEL Layout,2400.0,4.0,170.0,6,7083.333333333333
Gollarapalya Hosahalli,1345.0,3.0,60.0,3,4460.966542750929
KR Puram,1200.0,4.0,100.0,4,8333.333333333334
Bannerghatta Road,3230.0,5.0,165.0,4,5108.359133126935
Banashankari Stage II,1260.0,2.0,95.0,3,7539.68253968254
Sarjapur  Road,2750.0,5.0,240.0,4,8727.272727272728
9th Phase JP Nagar,1200.0,2.0,80.0,2,6666.666666666667
Devara Jeevanahalli,1650.0,3.0,52.0,3,3151.5151515151515
1st Block HBR Layout,600.0,1.0,45.0,1,7500.0
Uttarahalli,1025.0,2.0,35.88,2,3500.4878048780492
Hennur Road,973.0,2.0,56.0,2,5755.395683453237
Thanisandra main road,4110.0,4.0,590.0,4,14355.231143552312
Rajaji Nagar,2533.0,3.0,425.0,3,16778.523489932886
Balagere,1007.0,2.0,75.0,2,7447.864945382324
Hosa Road,800.0,1.0,39.99,1,4998.75
Sarjapur  Road,1830.0,3.0,119.0,3,6502.732240437159
Nagavara,1077.0,2.0,50.0,2,4642.525533890436
Immadihalli,672.0,1.0,27.0,1,4017.8571428571427
Shanthi Layout,1280.0,3.0,87.0,3,6796.875
Electronics City Phase 1,865.0,2.0,40.0,2,4624.277456647399
Kalena Agrahara,1000.0,2.0,33.0,2,3300.0
CV Raman Nagar,1285.0,2.0,65.0,2,5058.365758754864
Thanisandra,662.0,1.0,29.0,1,4380.664652567976
Whitefield,2297.0,5.0,269.0,5,11710.927296473661
Sarjapura - Attibele Road,3750.0,6.0,295.0,5,7866.666666666667
Kalkere,1850.0,3.0,95.0,3,5135.135135135135
Harlur,1754.0,3.0,132.0,3,7525.655644241733
Hennur Bande,1200.0,4.0,150.0,5,12500.0
1st Phase JP Nagar,2200.0,7.0,350.0,5,15909.09090909091
Anugrah Layout,1567.0,3.0,100.0,3,6381.620931716656
Hoskote,1695.0,3.0,50.0,3,2949.8525073746314
Hosahalli Extension,360.0,2.0,40.0,2,11111.111111111111
Bellandur,1150.0,2.0,69.44,2,6038.260869565217
Akshaya Nagar,1690.0,3.0,85.0,3,5029.585798816568
1st Block Koramangala,2350.0,3.0,210.0,3,8936.170212765957
Karuna Nagar,1057.0,2.0,65.0,2,6149.479659413434
Hebbal,1320.0,2.0,91.0,2,6893.939393939394
Bhoganhalli,2119.0,4.0,111.0,4,5238.319962246343
Bandepalya,1125.0,2.0,48.0,2,4266.666666666667
Kanakpura Road,2254.0,3.0,170.0,3,7542.147293700089
Balagere,645.0,1.0,34.18,1,5299.224806201551
Rachenahalli,1050.0,2.0,52.08,2,4960.0
Panathur,1040.0,2.0,41.6,2,4000.0
Sarjapur  Road,1700.0,3.0,194.0,3,11411.764705882353
1st Block Jayanagar,1760.0,3.0,115.0,3,6534.090909090909
Bellandur,1138.0,3.0,128.0,3,11247.80316344464
Sarjapur  Road,984.0,2.0,45.91,2,4665.650406504065
Raja Rajeshwari Nagar,1140.0,2.0,38.65,2,3390.3508771929824
Whitefield,3596.0,3.0,200.0,3,5561.735261401557
Kalkere,1365.0,3.0,54.0,3,3956.043956043956
Bethel Nagar,560.0,1.0,19.0,1,3392.8571428571427
Vittasandra,1404.0,2.0,75.0,2,5341.880341880342
Bellandur,1540.0,4.0,45.0,4,2922.0779220779223
Electronic City,1050.0,2.0,39.0,3,3714.285714285714
Lingarajapuram,360.0,4.0,37.0,4,10277.777777777777
Rachenahalli,1550.0,3.0,72.5,3,4677.419354838709
Yelahanka,1653.0,3.0,93.0,3,5626.134301270417
Parappana Agrahara,1194.0,2.0,47.0,2,3936.348408710218
Narayana Nagar 1st Block,1471.0,2.0,75.0,3,5098.572399728077
Kanakpura Road,700.0,2.0,35.0,2,5000.0
Kudlu Gate,812.0,2.0,38.25,2,4710.591133004926
8th Phase JP Nagar,1504.0,2.0,83.0,3,5518.617021276596
Mahadevpura,1450.0,3.0,75.0,3,5172.413793103448
Kannamangala,957.0,2.0,54.5,2,5694.879832810867
Attibele,460.0,1.0,13.0,1,2826.086956521739
poornaprajna layout,900.0,2.0,128.0,2,14222.222222222223
7th Phase JP Nagar,1050.0,2.0,75.0,2,7142.857142857143
Budigere,1820.0,3.0,85.0,3,4670.32967032967
Varthur Road,1033.0,2.0,32.0,2,3097.773475314618
Kumaraswami Layout,800.0,1.0,90.0,2,11250.0
Kadabagere,520.0,2.0,29.0,1,5576.923076923077
OMBR Layout,1165.0,2.0,88.5,2,7596.56652360515
Gottigere,1280.0,2.0,61.0,2,4765.625
Cambridge Layout,1950.0,3.0,230.0,3,11794.871794871795
BTM 4th Stage,600.0,1.0,58.0,1,9666.666666666666
Kanakpura Road,1550.0,3.0,65.1,3,4199.999999999999
Nagavarapalya,1392.0,2.0,130.0,2,9339.080459770115
Jigani,1221.0,3.0,75.0,3,6142.506142506142
AMS Layout,1000.0,1.0,19.0,1,1900.0
KR Garden,1300.0,2.0,60.0,2,4615.384615384615
Hoskote,1065.0,2.0,31.5,2,2957.7464788732395
Yelahanka New Town,1209.0,2.0,65.0,3,5376.344086021505
BTM 1st Stage,375.0,1.0,40.0,1,10666.666666666666
Dollars Colony,7800.0,3.0,2000.0,3,25641.02564102564
Sarjapur  Road,1929.0,4.0,101.0,3,5235.873509590461
Hennur Road,1255.0,2.0,84.0,2,6693.227091633466
Jalahalli,1035.0,2.0,31.05,2,3000.0
Annapurneshwari Nagar,1200.0,5.0,270.0,4,22500.0
Banashankari,1650.0,3.0,101.0,3,6121.212121212121
Whitefield,1275.0,2.0,65.0,3,5098.0392156862745
Electronic City,1128.0,2.0,65.58,2,5813.829787234043
Raja Rajeshwari Nagar,1140.0,2.0,38.55,2,3381.578947368421
OMBR Layout,1200.0,4.0,200.0,4,16666.666666666668
Thanisandra,1183.0,2.0,58.56,2,4950.126796280642
Whitefield,1155.0,2.0,39.0,2,3376.6233766233768
Kengeri,1245.0,2.0,43.57,3,3499.598393574297
Akshaya Nagar,1000.0,2.0,38.0,2,3800.0
7th Phase JP Nagar,1040.0,2.0,75.0,2,7211.538461538462
Ardendale,2062.0,3.0,140.0,4,6789.524733268671
Kundalahalli Colony,1477.0,2.0,75.0,3,5077.860528097495
Nagadevanahalli,1050.0,3.0,85.0,4,8095.238095238095
Sarjapur  Road,1525.0,2.0,65.0,3,4262.295081967213
Kaverappa Layout,1220.0,2.0,65.0,2,5327.868852459016
Hebbal,2388.0,3.0,195.0,3,8165.829145728643
Electronic City,1355.0,2.0,97.6,2,7202.952029520296
Whitefield,1141.0,2.0,62.0,2,5433.829973707274
Vijayanagar,1046.0,2.0,49.06,2,4690.248565965583
Bannerghatta Road,630.0,1.0,35.0,1,5555.555555555556
Pattandur Agrahara,1247.0,2.0,62.35,2,5000.0
Marathahalli,3855.0,4.0,220.0,4,5706.874189364462
Geddalahalli,850.0,2.0,32.5,2,3823.529411764706
KR Puram,1120.0,2.0,36.0,2,3214.285714285714
HSR Layout,800.0,8.0,285.0,8,35625.0
Jakkur,1798.0,3.0,110.0,3,6117.908787541713
Bisuvanahalli,1180.0,2.0,45.0,3,3813.5593220338983
Kereguddadahalli,1000.0,2.0,34.0,2,3400.0
Whitefield,1216.0,2.0,82.0,2,6743.421052631579
Margondanahalli,900.0,2.0,65.0,2,7222.222222222223
TC Palaya,1100.0,2.0,65.0,2,5909.090909090909
Badavala Nagar,1842.0,3.0,115.0,3,6243.213897937025
Bisuvanahalli,1075.0,2.0,43.0,3,4000.0
Whitefield,1495.0,3.0,88.0,2,5886.28762541806
Kanakpura Road,1700.0,3.0,120.0,3,7058.823529411765
Whitefield,1564.0,3.0,103.0,3,6585.677749360614
Reliaable Tranquil Layout,1256.0,2.0,65.0,2,5175.15923566879
Kundalahalli,1047.0,2.0,89.0,2,8500.477554918816
Bhoganhalli,1458.0,3.0,78.45,3,5380.658436213992
Hoodi,1063.0,2.0,61.17,2,5754.468485418626
Sadashiva Nagar,7400.0,5.0,1850.0,4,25000.0
Garudachar Palya,1150.0,2.0,52.5,2,4565.217391304348
Chandapura,450.0,1.0,9.0,1,2000.0
Ramamurthy Nagar,1360.0,2.0,45.0,2,3308.823529411765
Marathahalli,1605.0,3.0,76.0,3,4735.202492211838
Nagarbhavi,1200.0,4.0,205.0,3,17083.333333333332
Haralur Road,1810.0,3.0,100.0,3,5524.861878453039
LB Shastri Nagar,1250.0,2.0,48.5,2,3880.0
Poorna Pragna Layout,1475.0,2.0,58.99,3,3999.322033898305
R.T. Nagar,1100.0,3.0,125.0,2,11363.636363636364
Dommasandra,850.0,2.0,25.4,2,2988.235294117647
Electronic City Phase II,1025.0,2.0,26.65,2,2600.0
Uttarahalli,980.0,2.0,45.0,2,4591.836734693878
Basavanagara,1428.0,2.0,70.0,3,4901.9607843137255
Shanti Nagar,1130.0,2.0,74.0,2,6548.672566371682
Kanakpura Road,1592.0,3.0,125.0,3,7851.75879396985
JP Nagar,2050.0,3.0,82.0,3,4000.0
Bagalur,1407.0,2.0,83.87,2,5960.90973702914
Cunningham Road,4170.0,3.0,800.0,3,19184.65227817746
Whitefield,1585.0,3.0,84.0,3,5299.6845425867505
Jakkur,1785.0,3.0,130.0,3,7282.913165266106
BSM Extension,900.0,2.0,45.0,2,5000.0
Somanna Garden,1350.0,4.0,160.0,4,11851.851851851852
Kanakpura Road,1843.0,3.0,96.2,3,5219.750406945198
Munivenkatppa Layout,2375.0,3.0,260.0,4,10947.368421052632
RPC layout,1200.0,2.0,67.0,2,5583.333333333333
Akshaya Nagar,1113.0,2.0,52.0,2,4672.057502246182
Uttarahalli,1125.0,2.0,47.0,2,4177.777777777777
Whitefield,1200.0,3.0,56.0,3,4666.666666666667
Anekal,1150.0,3.0,45.0,3,3913.0434782608695
Yeshwanthpur,770.0,1.0,70.0,2,9090.90909090909
Kodichikkanahalli,1181.0,2.0,57.0,2,4826.418289585097
Kanakpura Road,1550.0,3.0,64.7,3,4174.193548387097
1st Phase JP Nagar,1200.0,2.0,86.0,2,7166.666666666667
Raja Rajeshwari Nagar,1295.0,2.0,55.47,2,4283.397683397683
Kenchenahalli,480.0,3.0,65.0,3,13541.666666666666
Lingadheeranahalli,1506.0,3.0,95.0,3,6308.100929614874
"HSR Layout 7th sector, ",1872.0,3.0,152.0,3,8119.65811965812
Sarjapur  Road,2900.0,4.0,240.0,4,8275.862068965518
Abbigere,1326.0,2.0,35.0,3,2639.517345399698
Talaghattapura,1040.0,2.0,33.28,2,3200.0
Bettadasanapura,1200.0,5.0,90.0,5,7500.0
Hennur,1020.0,2.0,48.0,2,4705.882352941177
Gokula Extension,1400.0,3.0,90.0,3,6428.571428571428
Neeladri Nagar,4000.0,12.0,160.0,10,4000.0
Weavers Colony,812.0,1.0,26.0,1,3201.9704433497536
Vidyaranyapura,1100.0,2.0,54.0,2,4909.090909090909
Kodathi,829.0,2.0,22.8,2,2750.301568154403
Vijayanagar,750.0,4.0,95.0,5,12666.666666666666
Sanjay nagar,2700.0,4.0,350.0,4,12962.962962962964
Kanakpura Road,1500.0,3.0,72.99,3,4865.999999999999
Ananth Nagar,850.0,2.0,25.99,2,3057.6470588235293
Kaval Byrasandra,1180.0,2.0,60.0,2,5084.745762711865
Cunningham Road,5108.0,5.0,995.0,4,19479.24823805795
Thigalarapalya,2215.0,4.0,150.0,3,6772.009029345372
Channasandra,1010.0,2.0,36.0,2,3564.3564356435645
Marathahalli,1350.0,2.0,60.0,2,4444.444444444444
Talaghattapura,1100.0,2.0,50.0,2,4545.454545454545
Kanakpura Road,1450.0,2.0,62.93,3,4340.0
Raja Rajeshwari Nagar,1133.0,2.0,40.0,2,3530.45013239188
Thanisandra,1564.0,3.0,100.0,3,6393.861892583121
Doddaballapur,640.0,1.0,10.5,2,1640.625
Thigalarapalya,2072.0,4.0,157.0,3,7577.220077220078
Rajaji Nagar,432.0,2.0,65.0,2,15046.296296296296
Kanakapura,1460.0,2.0,51.1,3,3500.0
A Narayanapura,600.0,2.0,35.0,1,5833.333333333333
Rachenahalli,1050.0,2.0,52.07,2,4959.047619047619
"Judicial Layout, Kanakapura Road, ",700.0,2.0,35.0,2,5000.0
TC Palaya,1200.0,3.0,66.0,3,5500.0
Yelahanka,654.0,1.0,38.0,1,5810.397553516819
Ankappa Layout,1105.0,2.0,50.0,2,4524.886877828054
Hebbal Kempapura,1800.0,3.0,150.0,3,8333.333333333334
Yelachenahalli,1200.0,2.0,160.0,2,13333.333333333334
Kogilu,700.0,1.0,30.84,1,4405.714285714285
Amruthnagar,1000.0,2.0,51.0,2,5100.0
HSR Layout,3500.0,5.0,350.0,5,10000.0
Gattahalli,1240.0,2.0,63.0,3,5080.645161290323
Bellandur,1200.0,2.0,45.0,2,3750.0
Yelahanka New Town,1400.0,2.0,80.0,3,5714.285714285715
HOSUR MAIN ROAD,1393.0,3.0,54.0,3,3876.5254845656855
Whitefield,1140.0,2.0,50.0,2,4385.964912280701
Sahakara Nagar,1000.0,5.0,130.0,5,13000.0
Gulimangala,1640.0,3.0,70.0,3,4268.292682926829
Kithaganur,1200.0,2.0,62.0,2,5166.666666666667
Rajaji Nagar,720.0,2.0,65.0,2,9027.777777777777
Yelenahalli,1650.0,3.0,68.0,3,4121.212121212121
Nagavara,2496.0,4.0,125.0,4,5008.01282051282
9th Phase JP Nagar,905.0,2.0,32.0,2,3535.9116022099447
HAL 2nd Stage,1600.0,3.0,125.0,3,7812.5
Chikkalasandra,1070.0,2.0,45.48,2,4250.467289719626
Yemlur,8400.0,5.0,1675.0,4,19940.47619047619
Koramangala,1200.0,2.0,100.0,2,8333.333333333334
Indira Nagar,1800.0,5.0,350.0,5,19444.444444444445
8th Phase JP Nagar,2600.0,4.0,115.0,4,4423.076923076923
Old Airport Road,1145.0,2.0,75.0,2,6550.218340611354
Addischetan Layout,1495.0,3.0,55.0,3,3678.9297658862874
Basavanagara,1200.0,2.0,300.0,3,25000.0
Stage-4 Bommanahalli,1400.0,3.0,53.0,3,3785.714285714286
Whitefield,1558.0,3.0,90.0,3,5776.636713735558
Balagere,1007.0,2.0,53.0,2,5263.1578947368425
Ananth Nagar,902.0,2.0,25.26,2,2800.4434589800444
Kallumantapa,1054.0,2.0,53.0,2,5028.462998102466
Uttarahalli,1135.0,2.0,39.73,3,3500.440528634361
Gollarapalya Hosahalli,996.0,2.0,49.0,2,4919.678714859438
Vimanapura,1275.0,2.0,47.0,2,3686.274509803922
NRI Layout,1250.0,2.0,75.0,2,6000.0
Hennur,2502.0,4.0,170.0,4,6794.564348521183
Sadaramangala,1394.0,2.0,52.0,2,3730.2725968436157
Haralur Road,1243.0,2.0,46.0,2,3700.7240547063557
Whitefield,1216.0,2.0,75.0,2,6167.763157894737
Konena Agrahara,1075.0,2.0,57.0,2,5302.325581395349
Indira Nagar,1500.0,3.0,120.0,3,8000.0
Rayasandra,1708.0,3.0,76.0,4,4449.648711943794
Whitefield,1500.0,3.0,250.0,3,16666.666666666668
Jakkur Plantation,1800.0,4.0,115.0,3,6388.888888888889
Harlur,1532.0,2.0,65.0,2,4242.819843342037
Hosa Road,1726.0,3.0,81.99,3,4750.289687137891
Hanumanth Nagar,1220.0,2.0,54.89,2,4499.180327868852
Chikkalasandra,1100.0,2.0,50.0,2,4545.454545454545
Electronics City Phase 1,1530.0,3.0,40.0,3,2614.37908496732
Hosa Road,840.0,2.0,28.0,2,3333.3333333333335
Bommanahalli,1250.0,4.0,39.0,3,3120.0
CV Raman Nagar,1030.0,2.0,35.0,2,3398.0582524271845
Raghavendra Layout,1499.0,3.0,89.0,3,5937.291527685124
Varsova Layout,1280.0,2.0,55.0,3,4296.875
Munnekollal,1170.0,2.0,59.0,2,5042.735042735043
Chikka Tirupathi,2646.0,3.0,99.0,3,3741.496598639456
Thirumenahalli,1161.0,2.0,36.69,2,3160.206718346253
Yelahanka,1633.0,2.0,72.0,2,4409.0630740967545
Richards Town,1050.0,2.0,65.0,2,6190.476190476191
Hennur Road,1650.0,5.0,309.0,4,18727.272727272728
Varthur Road,552.5,1.0,13.26,1,2400.0
Attibele,418.0,2.0,11.5,1,2751.196172248804
Bhattarahalli,905.0,2.0,50.0,2,5524.861878453039
Raja Rajeshwari Nagar,1510.0,2.0,55.0,3,3642.384105960265
Chikkalasandra,1390.0,2.0,60.47,3,4350.359712230216
Kasturi Nagar,1101.0,2.0,66.0,2,5994.550408719346
Srirampura,2736.0,4.0,130.0,4,4751.461988304093
EPIP Zone,2350.0,4.0,163.0,3,6936.170212765957
Raja Rajeshwari Nagar 5th Stage,1056.0,2.0,55.0,2,5208.333333333333
Kanakpura Road,1425.0,2.0,49.88,3,3500.3508771929824
Electronics City Phase 1,1450.0,3.0,70.0,3,4827.586206896552
Pai Layout,1000.0,2.0,34.0,2,3400.0
Haralur Road,575.0,1.0,38.0,1,6608.695652173913
Uttarahalli,1350.0,2.0,47.24,3,3499.259259259259
Kanakpura Road,2000.0,2.0,180.0,3,9000.0
Raghavendra Layout,1770.0,3.0,90.0,3,5084.745762711865
Byadarahalli,3155.0,3.0,315.0,3,9984.152139461174
Anandapura,616.0,3.0,45.0,2,7305.194805194805
JP Nagar,745.0,1.0,34.27,1,4600.000000000001
Nayandanahalli,6500.0,7.0,104.0,7,1600.0
HAL 2nd Stage,2400.0,4.0,650.0,4,27083.333333333332
Kudlu Gate,1547.0,2.0,103.0,2,6658.047834518423
Panathur,1713.0,3.0,120.0,3,7005.253940455342
Sarjapur,3300.0,4.0,430.0,4,13030.30303030303
Mahalakshmi Layout,1135.0,4.0,190.0,8,16740.08810572687
Yeshwanthpur,1856.0,4.0,180.0,3,9698.275862068966
RMV Extension,1152.0,2.0,57.0,2,4947.916666666667
Dodda Nekkundi,1100.0,2.0,46.75,2,4250.0
Narayanapura,2357.0,3.0,135.0,3,5727.619855748833
Akshaya Nagar,1820.0,4.0,95.0,3,5219.780219780219
Kannamangala,1865.0,3.0,139.0,3,7453.083109919571
Kanakpura Road,1240.0,2.0,65.0,2,5241.935483870968
Padmanabhanagar,1360.0,3.0,75.0,3,5514.705882352941
ISRO Layout,4200.0,4.0,255.0,4,6071.428571428572
Electronics City Phase 1,1450.0,2.0,63.51,3,4380.0
Budigere,1139.0,2.0,72.0,2,6321.334503950834
Begur Road,1565.0,2.0,56.0,3,3578.2747603833864
Anjanapura,1200.0,3.0,165.0,3,13750.0
Kurubarahalli,600.0,4.0,77.0,4,12833.333333333334
Nagappa Reddy Layout,1200.0,2.0,39.0,2,3250.0
Yeshwanthpur,1855.0,3.0,140.0,3,7547.169811320755
Margondanahalli,1100.0,2.0,55.0,2,5000.0
Arehalli,1350.0,2.0,65.0,3,4814.814814814815
Old Madras Road,2266.0,3.0,207.0,3,9135.03971756399
Hosur Road,660.0,1.0,23.0,1,3484.848484848485
Kodihalli,1490.0,2.0,150.0,2,10067.114093959732
Kambipura,1083.0,2.0,48.0,3,4432.13296398892
Hennur Road,1232.0,2.0,83.0,2,6737.012987012987
Raja Rajeshwari Nagar,1550.0,3.0,86.8,3,5600.0
Whitefield,1227.0,2.0,70.0,2,5704.9714751426245
Sarjapur  Road,1059.0,2.0,68.0,2,6421.152030217186
Electronic City Phase II,545.0,1.0,29.0,2,5321.100917431193
Mahadevpura,1152.0,2.0,54.0,2,4687.5
Kenchenahalli,870.0,1.0,45.0,2,5172.413793103448
Panathur,1210.0,2.0,78.0,2,6446.280991735537
Thanisandra,663.0,1.0,46.1,1,6953.242835595776
Hennur Gardens,1464.0,2.0,135.0,3,9221.311475409837
Kadubeesanahalli,1365.0,3.0,80.0,3,5860.805860805861
Whitefield,1704.0,3.0,120.0,3,7042.2535211267605
Whitefield,1256.0,2.0,73.0,2,5812.101910828025
Kengeri,883.0,2.0,49.0,2,5549.263873159683
Bisuvanahalli,1080.0,2.0,45.0,3,4166.666666666667
Marsur,497.0,1.0,25.0,2,5030.181086519115
9th Phase JP Nagar,1073.0,2.0,52.36,2,4879.77632805219
Rajaji Nagar,3000.0,6.0,250.0,6,8333.333333333334
Doddabommasandra,1300.0,2.0,32.0,2,2461.5384615384614
Thanisandra,662.0,1.0,45.0,1,6797.583081570997
Kumara Park,1200.0,2.0,75.0,2,6250.0
5th Phase JP Nagar,1550.0,3.0,75.0,3,4838.709677419355
7th Block Jayanagar,1707.0,3.0,171.0,3,10017.574692442882
Banashankari,1310.0,2.0,80.43,2,6139.69465648855
Sarjapur  Road,1577.0,3.0,65.0,3,4121.750158528852
Kodigehaali,1324.0,3.0,65.0,3,4909.365558912386
Kothanur,1786.0,2.0,106.0,3,5935.05039193729
Harlur,1174.0,2.0,75.0,2,6388.415672913117
Kamala Nagar,565.0,1.0,33.0,1,5840.70796460177
7th Phase JP Nagar,1400.0,2.0,95.0,3,6785.714285714285
Electronic City,635.0,1.0,28.0,1,4409.4488188976375
Kalyan nagar,3000.0,8.0,400.0,6,13333.333333333334
8th Phase JP Nagar,1368.0,2.0,54.71,3,3999.2690058479534
Kanakpura Road,1450.0,3.0,55.0,3,3793.103448275862
Devanahalli,1045.0,2.0,48.0,2,4593.301435406698
Electronic City,1128.0,2.0,65.4,2,5797.8723404255325
Bhoganhalli,1125.0,2.0,54.0,2,4800.0
Whitefield,1195.0,2.0,62.38,2,5220.083682008368
Ramakrishnappa Layout,630.0,2.0,70.0,1,11111.111111111111
Kaggadasapura,1350.0,2.0,105.0,3,7777.777777777777
Domlur,1740.0,3.0,120.0,3,6896.551724137931
Bommasandra,877.0,2.0,29.0,2,3306.72748004561
Whitefield,1770.0,4.0,68.0,3,3841.80790960452
Yelahanka New Town,450.0,1.0,15.0,1,3333.3333333333335
tc.palya,1000.0,2.0,55.0,2,5500.0
Whitefield,1300.0,2.0,78.0,2,6000.0
Doddathoguru,1300.0,2.0,42.0,3,3230.769230769231
Abbigere,985.0,2.0,40.39,2,4100.507614213198
Chikkathoguru,1045.0,2.0,42.0,2,4019.1387559808613
Chelekare,1250.0,2.0,62.4,2,4992.0
Bande Nallasandra,2400.0,4.0,130.0,3,5416.666666666667
Haralur Road,1194.0,2.0,46.0,2,3852.5963149078725
Kanakpura Road,1420.0,3.0,68.0,3,4788.732394366197
Sector 1 HSR Layout,1720.0,3.0,83.0,3,4825.581395348837
Rachenahalli,1530.0,2.0,74.4,3,4862.745098039216
Anandapura,1200.0,2.0,66.0,3,5500.0
Whitefield,1570.0,3.0,88.0,3,5605.095541401274
Sarjapur  Road,1157.0,2.0,74.0,3,6395.851339671564
Sarjapur,535.0,1.0,20.0,2,3738.3177570093458
Kanakapura,1120.0,2.0,39.2,2,3500.0000000000005
Kenchenahalli,1150.0,2.0,60.0,2,5217.391304347826
Hebbal Kempapura,2400.0,5.0,200.0,5,8333.333333333334
Bannerghatta Road,1215.0,2.0,68.0,2,5596.707818930041
Bhoganhalli,1444.0,2.0,75.97,2,5261.0803324099725
6th Phase JP Nagar,2003.0,3.0,200.0,3,9985.022466300548
Thirumenahalli,1100.0,2.0,70.0,2,6363.636363636364
Kodichikkanahalli,900.0,2.0,42.0,2,4666.666666666667
Talaghattapura,1372.0,2.0,43.9,3,3199.708454810496
Chikka Tirupathi,4500.0,5.0,150.0,4,3333.3333333333335
Bisuvanahalli,1180.0,2.0,55.5,3,4703.389830508475
Electronic City,1096.0,2.0,39.0,2,3558.394160583942
Yeshwanthpur,2504.0,3.0,138.0,3,5511.182108626198
2nd Phase Judicial Layout,1350.0,2.0,47.25,3,3500.0
Raghuvanahalli,420.0,1.0,23.5,1,5595.238095238095
Hennur Road,1832.0,3.0,116.0,3,6331.8777292576415
Anandapura,1380.0,7.0,130.0,6,9420.289855072464
Vasanthapura,940.0,2.0,40.0,2,4255.31914893617
Whitefield,4290.0,5.0,625.0,4,14568.764568764569
Electronic City Phase II,1020.0,2.0,29.45,2,2887.2549019607845
Abbigere,2500.0,6.0,81.0,6,3240.0
Raja Rajeshwari Nagar,1400.0,2.0,45.0,2,3214.285714285714
HAL Layout,1675.0,3.0,65.0,3,3880.597014925373
Tumkur Road,708.0,2.0,32.0,2,4519.774011299435
Channasandra,1123.0,2.0,36.0,2,3205.699020480855
Talaghattapura,1100.0,2.0,49.49,2,4499.090909090909
Upkar Layout,1225.0,2.0,71.05,2,5800.0
Lingadheeranahalli,1683.0,3.0,140.0,3,8318.478906714201
Kengeri Satellite Town,410.0,1.0,15.0,1,3658.5365853658536
Banashankari Stage II,2400.0,2.0,300.0,3,12500.0
Kenchenhalli,1350.0,4.0,90.0,4,6666.666666666667
Gubbalala,1475.0,2.0,80.0,2,5423.728813559322
Kengeri Satellite Town,1120.0,2.0,49.0,2,4375.0
KR Puram,1150.0,2.0,42.0,2,3652.1739130434785
Yeshwanthpur,1165.0,2.0,85.0,2,7296.137339055794
Harlur,1756.0,3.0,134.0,3,7630.979498861047
Ambedkar Nagar,1409.0,2.0,95.0,2,6742.370475514549
Mahadevpura,1212.0,2.0,56.9,2,4694.7194719471945
Doddathoguru,1140.0,2.0,26.49,2,2323.684210526316
Hegde Nagar,2087.01,3.0,115.0,3,5510.275465857853
Jalahalli East,775.0,1.0,34.1,1,4400.0
Sarjapur  Road,1700.0,3.0,118.0,3,6941.176470588235
Carmelaram,1732.5,3.0,91.855,3,5301.875901875902
Raja Rajeshwari Nagar,1110.0,2.0,52.0,2,4684.684684684685
Electronic City Phase II,1000.0,2.0,28.88,2,2888.0
Marathahalli,1550.0,7.0,160.0,7,10322.58064516129
Chikka Tirupathi,2704.0,5.0,105.0,4,3883.1360946745563
Vidya Nagar,3760.0,2.0,280.0,2,7446.808510638298
Hormavu,1600.0,5.0,140.0,5,8750.0
Bhoganhalli,1205.0,2.0,64.47,2,5350.207468879668
Thigalarapalya,1418.0,2.0,105.0,2,7404.795486600846
Ardendale,1650.0,3.0,82.0,3,4969.69696969697
MS Pallya,1200.0,7.0,139.0,7,11583.333333333334
Electronic City,1150.0,2.0,38.0,2,3304.3478260869565
Byadarahalli,3071.0,4.0,300.0,3,9768.804949527841
Dasanapura,2400.0,5.0,100.0,4,4166.666666666667
Singapura Village,850.0,2.0,34.0,2,4000.0
Raja Rajeshwari Nagar,1580.0,3.0,83.74,3,5299.999999999999
Whitefield,1216.0,2.0,84.03,2,6910.361842105263
Kanakpura Road,381.0,1.0,28.0,1,7349.081364829396
KR Puram,4600.0,9.0,200.0,9,4347.826086956522
Hebbal,1040.0,2.0,55.0,2,5288.461538461538
Choodasandra,2429.0,3.0,210.0,4,8645.533141210375
Akshaya Vana,1260.0,2.0,49.0,3,3888.8888888888887
Kanakpura Road,1498.0,3.0,74.9,3,5000.000000000001
Vidyaranyapura,1200.0,2.0,65.0,3,5416.666666666667
Electronic City,1355.0,2.0,72.9,2,5380.073800738008
Canara Bank Layout,1450.0,3.0,65.0,3,4482.758620689655
Yeshwanthpur,1860.0,3.0,168.0,3,9032.258064516129
Whitefield,1240.0,2.0,70.0,2,5645.1612903225805
Kanakpura Road,1300.0,2.0,55.0,3,4230.7692307692305
Kundalahalli,2500.0,5.0,245.0,4,9800.0
Ambedkar Nagar,1950.0,4.0,120.0,3,6153.846153846154
Ambalipura,1625.0,2.0,145.0,3,8923.076923076924
Electronic City,1200.0,2.0,30.0,2,2500.0
OMBR Layout,1101.0,2.0,66.0,2,5994.550408719346
Whitefield,1216.0,2.0,72.5,2,5962.171052631579
Uttarahalli,1250.0,2.0,50.0,3,4000.0
Samethanahalli,2100.0,3.0,70.0,3,3333.3333333333335
Ananth Nagar,1470.0,3.0,54.0,3,3673.469387755102
Bannerghatta Road,1365.0,3.0,76.18,3,5580.952380952382
Hosa Road,1364.0,2.0,64.79,2,4750.000000000001
Banashankari Stage VI,1180.0,2.0,59.47,2,5039.830508474576
7th Phase JP Nagar,1800.0,3.0,130.0,3,7222.222222222223
Kothannur,1350.0,2.0,42.0,2,3111.1111111111113
Thanisandra,1573.0,3.0,98.0,3,6230.1335028607755
Nallurhalli,1620.0,3.0,95.0,3,5864.197530864198
Doddakallasandra,1072.0,2.0,42.87,2,3999.0671641791046
Bagalakunte,560.0,1.0,21.0,1,3750.0
Coconut Grove Layout,1156.0,2.0,46.0,2,3979.2387543252594
Kudlu Gate,1336.0,2.0,86.0,2,6437.125748502994
Electronic City,1200.0,2.0,20.0,2,1666.6666666666667
Marathahalli,3400.0,4.0,235.0,4,6911.764705882353
Raja Rajeshwari Nagar,1608.0,3.0,54.51,3,3389.9253731343283
JP Nagar,4000.0,4.0,441.0,4,11025.0
Whitefield,1215.0,2.0,40.0,2,3292.1810699588477
Cox Town,1100.0,2.0,166.0,2,15090.90909090909
Green Glen Layout,1517.0,3.0,100.0,3,6591.957811470006
Mallasandra,1565.0,2.0,69.0,2,4408.945686900958
Palace Guttahalli,1680.0,4.0,250.0,6,14880.952380952382
Whitefield,2025.0,4.0,115.0,3,5679.0123456790125
Jalahalli,1057.0,2.0,34.71,2,3283.822138126774
Sadashiva Nagar,3850.0,3.0,650.0,3,16883.116883116883
Sarjapur,1044.0,2.0,34.0,2,3256.704980842912
Domlur,1695.0,3.0,125.0,3,7374.6312684365785
Ramagondanahalli,1635.0,3.0,61.0,3,3730.886850152905
Hiremath Layout,1140.0,2.0,56.0,2,4912.2807017543855
Electronic City,1150.0,2.0,35.0,2,3043.478260869565
Yelachenahalli,1110.0,2.0,110.0,2,9909.90990990991
Yeshwanthpur,1163.0,2.0,64.08,2,5509.888220120379
Thubarahalli,1418.0,2.0,65.0,3,4583.921015514809
Varthur,1155.0,2.0,60.0,2,5194.805194805195
Bannerghatta Road,1115.0,2.0,78.0,2,6995.5156950672645
Sanjeevini Nagar,2250.0,3.0,180.0,3,8000.0
NGR Layout,1020.0,2.0,48.45,2,4750.0
Naidu Layout,1485.0,3.0,78.0,3,5252.525252525253
Whitefield,1920.0,5.0,250.0,4,13020.833333333334
Shingapura,1350.0,2.0,45.0,1,3333.3333333333335
8th block Koramangala,1209.0,2.0,100.0,2,8271.298593879239
8th Phase JP Nagar,1089.0,2.0,43.55,2,3999.0817263544536
Yelahanka,1445.0,2.0,82.0,2,5674.740484429066
Uttarahalli,1250.0,2.0,50.0,3,4000.0
SHANTHINAGAR,1500.0,3.0,95.0,3,6333.333333333333
 Devarachikkanahalli,1705.0,3.0,75.0,3,4398.826979472141
Indira Nagar,2200.0,3.0,160.0,3,7272.727272727273
Cunningham Road,2925.0,5.0,936.0,5,32000.0
Laggere,1800.0,8.0,110.0,8,6111.111111111111
Whitefield,7200.0,5.0,900.0,5,12500.0
Bellandur,1830.0,3.0,90.0,3,4918.0327868852455
Electronics City Phase 1,1450.0,3.0,58.0,3,4000.0
Choodasandra,1220.0,3.0,56.0,3,4590.163934426229
Hoodi,1259.0,2.0,69.45,2,5516.282764098491
Subramanyapura,1260.0,2.0,73.0,3,5793.650793650793
Kaggadasapura,2500.0,5.0,120.0,3,4800.0
Kudlu Gate,1919.0,3.0,121.0,3,6305.367378843148
Vishveshwarya Layout,1400.0,6.0,160.0,6,11428.57142857143
Hennur Road,2050.0,3.0,120.0,3,5853.658536585366
Basavangudi,1050.0,2.0,103.0,2,9809.52380952381
Bhuvaneshwari Nagar,1000.0,2.0,60.0,2,6000.0
Raja Rajeshwari Nagar,1640.0,3.0,86.8,3,5292.682926829269
Kumarapalli,1488.0,2.0,65.0,3,4368.279569892473
Chikkalasandra,1265.0,2.0,53.12,3,4199.209486166008
Hennur,1640.0,3.0,120.0,3,7317.073170731707
9th Phase JP Nagar,1719.3,2.0,88.0,3,5118.362124120282
Someshwara Layout,1200.0,4.0,130.0,4,10833.333333333334
Kaggadasapura,1180.0,2.0,70.0,2,5932.203389830508
HBR Layout,1700.0,3.0,110.0,3,6470.588235294118
Kudlu Gate,1464.0,3.0,56.0,2,3825.136612021858
JP Nagar,1800.0,6.0,68.0,6,3777.777777777778
Cox Town,1495.0,2.0,300.0,4,20066.889632107024
Yelahanka,1225.0,2.0,62.0,2,5061.224489795918
7th Phase JP Nagar,1050.0,2.0,68.0,2,6476.190476190476
Sarjapur  Road,1691.0,3.0,120.0,3,7096.392667060911
Doopanahalli,2250.0,3.0,199.0,3,8844.444444444445
Munivenkatppa Layout,3700.0,4.0,314.0,4,8486.486486486487
Jalahalli,1244.0,6.0,130.0,8,10450.16077170418
Jay an agar 4 T Block,750.0,4.0,120.0,4,16000.0
Satyasaibaba Layout,1190.0,2.0,42.25,2,3550.4201680672268
Haralur Road,1243.0,2.0,46.0,2,3700.7240547063557
Hormavu,765.0,2.0,37.49,2,4900.653594771242
Chamrajpet,730.0,1.0,52.0,2,7123.287671232877
Queens Road,1405.0,3.0,169.0,3,12028.469750889679
Old Madras Road,1350.0,3.0,45.9,3,3400.0
Yelahanka New Town,500.0,1.0,18.0,1,3600.0
Amruthahalli,1200.0,2.0,55.0,2,4583.333333333333
Electronic City,1165.0,2.0,33.64,2,2887.5536480686696
7th Phase JP Nagar,1400.0,2.0,57.0,3,4071.4285714285716
Vaishnavi Layout,4800.0,6.0,420.0,4,8750.0
Hormavu,1668.0,2.0,120.0,3,7194.244604316546
Kenchenahalli,700.0,1.0,35.0,1,5000.0
5th Phase JP Nagar,1485.0,2.0,66.0,3,4444.444444444444
Kanakpura Road,700.0,2.0,41.0,2,5857.142857142857
Whitefield,1346.0,2.0,100.0,3,7429.420505200595
Bisuvanahalli,1075.0,2.0,47.0,3,4372.093023255814
Bellari Road,1050.0,2.0,43.5,2,4142.857142857143
1st Block Koramangala,1800.0,3.0,53.0,3,2944.4444444444443
Electronic City,1609.0,3.0,115.0,3,7147.296457426974
Electronic City,770.0,1.0,35.0,2,4545.454545454545
Kudlu,1076.0,2.0,50.0,2,4646.840148698885
Kengeri,1052.0,2.0,51.0,2,4847.9087452471485
Channasandra,1000.0,2.0,35.0,2,3500.0
Bommasandra Industrial Area,1000.0,2.0,28.88,2,2888.0
Thanisandra,1262.0,2.0,83.0,3,6576.862123613312
Koppa,720.0,3.0,48.0,3,6666.666666666667
Harsha Layout,500.0,1.0,16.0,1,3200.0
Sadashiva Nagar,3500.0,4.0,700.0,4,20000.0
Shanthala Nagar,1600.0,3.0,180.0,3,11250.0
Ramagondanahalli,1251.0,2.0,53.0,2,4236.610711430855
Nagarbhavi,1050.0,3.0,175.0,3,16666.666666666668
Nyanappana Halli,1140.0,2.0,49.0,2,4298.245614035088
Old Madras Road,1157.0,2.0,47.32,2,4089.887640449438
RR Nagar,648.0,1.0,34.0,1,5246.913580246914
Harlur,1197.0,2.0,78.0,2,6516.290726817043
Raja Rajeshwari Nagar,1500.0,3.0,51.04,3,3402.6666666666665
Raja Rajeshwari Nagar,1185.0,2.0,51.15,2,4316.455696202532
Kumaraswami Layout,2400.0,2.0,125.0,3,5208.333333333333
Kundalahalli,1397.0,3.0,105.0,3,7516.1059413027915
Uttarahalli,1175.0,2.0,47.0,2,4000.0
Basaveshwara Nagar,900.0,2.0,60.0,2,6666.666666666667
Rachenahalli,2710.0,3.0,170.0,3,6273.062730627306
Tala Cauvery Layout,1720.0,2.0,126.0,3,7325.581395348837
Cambridge Layout,1756.0,3.0,307.0,3,17482.915717539865
Yelahanka,602.0,1.0,38.0,1,6312.292358803987
Sarjapur  Road,1770.0,3.0,180.0,3,10169.49152542373
Kothannur,930.0,6.0,150.0,6,16129.032258064517
Raja Rajeshwari Nagar,1295.0,2.0,43.9,2,3389.96138996139
Rachenahalli,1200.0,2.0,46.5,2,3875.0
Hagadur,1100.0,2.0,45.0,2,4090.909090909091
Haralur Road,1194.0,2.0,46.0,2,3852.5963149078725
Marsur,720.0,2.0,32.0,3,4444.444444444444
Kasavanhalli,1476.0,3.0,105.0,3,7113.821138211382
Thanisandra,1056.0,2.0,65.0,2,6155.30303030303
Singapura Village,825.0,2.0,35.0,2,4242.424242424242
EPIP Zone,1860.0,3.0,130.0,3,6989.247311827957
Gunjur,1063.0,2.0,40.0,2,3762.9350893697083
Yelahanka,697.0,1.0,35.0,1,5021.520803443329
Vijayanagar,2400.0,2.0,230.0,1,9583.333333333334
Anekal,1200.0,1.0,36.0,2,3000.0
CV Raman Nagar,1835.0,3.0,160.0,3,8719.346049046322
Bannerghatta Road,1532.5,3.0,79.465,3,5185.318107667211
BTM 2nd Stage,1147.0,2.0,75.0,2,6538.7968613775065
Uttarahalli,1360.0,2.0,47.59,3,3499.264705882353
Kothanur,3400.0,5.0,265.0,4,7794.117647058823
Hosakerehalli Layout,1080.0,2.0,64.0,2,5925.925925925926
Doddakallasandra,1010.0,2.0,40.4,2,4000.0
Shanti Nagar,2600.0,4.0,523.0,4,20115.384615384617
Brookefield,1270.0,2.0,95.0,2,7480.314960629921
Basapura,1100.0,2.0,61.0,2,5545.454545454545
Bellandur,1410.0,3.0,92.0,2,6524.822695035461
Yelahanka,1065.0,2.0,41.38,2,3885.446009389672
Anekal,1200.0,1.0,36.0,2,3000.0
Hebbal,1315.0,3.0,65.0,3,4942.9657794676805
Indira Nagar,1650.0,3.0,200.0,3,12121.212121212122
Haralur Road,1140.0,2.0,43.0,2,3771.9298245614036
Kaggadasapura,960.0,2.0,45.0,2,4687.5
Hosapalya,800.0,1.0,29.0,2,3625.0
Doctors Layout,1225.0,2.0,47.0,2,3836.734693877551
Whitefield,1020.0,2.0,45.0,2,4411.764705882353
Magadi Road,750.0,2.0,27.0,2,3600.0
2nd Block Koramangala,3000.0,3.0,550.0,3,18333.333333333332
 Mysore Highway,535.0,1.0,35.0,1,6542.056074766355
Varthur,1035.0,2.0,60.0,2,5797.101449275362
Bommasandra Industrial Area,1020.0,2.0,29.45,2,2887.2549019607845
GM Palaya,1315.0,3.0,64.0,3,4866.920152091255
Basavangudi,1350.0,2.0,130.0,3,9629.62962962963
Bisuvanahalli,1075.0,2.0,48.0,3,4465.116279069767
Kengeri Satellite Town,1450.0,2.0,50.0,3,3448.2758620689656
Gottigere,1806.0,1.0,150.0,1,8305.647840531561
Marathahalli,1350.0,2.0,99.0,2,7333.333333333333
Binny Pete,1282.0,3.0,178.0,3,13884.555382215289
Sarjapur  Road,1929.0,3.0,103.0,3,5339.554173146708
Varthur,1100.0,2.0,72.0,2,6545.454545454545
Kundalahalli,1800.0,3.0,110.0,3,6111.111111111111
Gubbalala,1223.0,2.0,42.81,2,3500.408830744072
Bharathi Nagar,1664.0,3.0,69.89,3,4200.120192307692
Uttarahalli,1360.0,2.0,47.59,3,3499.264705882353
Kasavanhalli,1158.0,2.0,67.0,2,5785.837651122625
Hormavu,1420.0,3.0,58.0,3,4084.507042253521
Rajaji Nagar,1268.0,2.0,127.0,2,10015.77287066246
Sarjapur  Road,1308.0,2.0,75.0,2,5733.94495412844
Basavangudi,1485.0,3.0,140.0,3,9427.609427609428
Volagerekallahalli,1067.0,2.0,33.99,2,3185.5670103092784
Hulimavu,2000.0,4.0,100.0,4,5000.0
Rajaji Nagar,2450.0,3.0,330.0,3,13469.387755102041
Glass Factory Layout,1152.0,2.0,42.0,2,3645.8333333333335
Uttarahalli,1525.0,2.0,62.82,3,4119.3442622950815
Whitefield,935.0,2.0,32.72,2,3499.4652406417113
Jagadish Nagar,1465.0,2.0,88.0,3,6006.825938566553
HBR Layout,1198.0,2.0,65.0,2,5425.709515859767
3rd Phase Iti Layout,1145.0,2.0,63.0,2,5502.183406113537
Attibele,1000.0,2.0,42.0,2,4200.0
Anekal,400.0,1.0,11.5,1,2875.0
 south,3420.0,3.0,410.0,4,11988.30409356725
Marathahalli,1310.0,3.0,63.22,3,4825.954198473282
Panathur,1861.0,3.0,92.0,3,4943.5787211176785
Uttarahalli,1265.0,2.0,65.0,3,5138.339920948617
Green Domain Layout,1280.0,2.0,75.0,2,5859.375
Raja Rajeshwari Nagar,1279.0,2.0,53.76,3,4203.283815480844
TC Palaya,1200.0,2.0,66.0,3,5500.0
"Ananthapura, T C palaya Main Road",680.0,3.0,60.0,2,8823.529411764706
Uttarahalli,1590.0,3.0,57.0,3,3584.9056603773583
Hoodi,1837.0,3.0,142.0,3,7729.994556341861
Hegde Nagar,1703.0,3.0,130.0,3,7633.587786259542
Kudlu,1293.0,2.0,80.0,3,6187.161639597834
Kanakpura Road,700.0,2.0,35.0,2,5000.0
Doctors Layout,1450.0,3.0,75.0,3,5172.413793103448
5th Phase JP Nagar,1030.0,2.0,57.0,2,5533.980582524272
Kanakpura Road,1570.0,3.0,65.93,3,4199.363057324841
7th Phase JP Nagar,1000.0,2.0,60.0,2,6000.0
Bisuvanahalli,1075.0,2.0,37.0,3,3441.860465116279
Varthur,1091.0,2.0,33.82,2,3099.908340971586
EPIP Zone,2210.0,3.0,165.0,3,7466.06334841629
Outer Ring Road East,1738.0,3.0,110.0,3,6329.113924050633
Rajaji Nagar,1640.0,3.0,262.0,3,15975.609756097561
Gottigere,1205.0,2.0,56.58,2,4695.435684647303
Kengeri,1009.0,2.0,30.27,2,3000.0
2nd Stage Nagarbhavi,1200.0,4.0,240.0,5,20000.0
Thigalarapalya,3362.0,5.0,249.0,4,7406.305770374777
Rajaji Nagar,1600.0,3.0,140.0,4,8750.0
Sanjay nagar,960.0,2.0,55.0,2,5729.166666666667
Uttarahalli,1330.0,2.0,46.55,3,3500.0
Whitefield,1024.0,2.0,32.0,2,3125.0
Raja Rajeshwari Nagar,1196.0,2.0,40.54,2,3389.632107023411
Mico Layout,800.0,1.0,29.5,1,3687.5
Sarjapur  Road,2650.0,3.0,260.0,3,9811.32075471698
Jakkur,1080.0,2.0,60.0,2,5555.555555555556
Hebbal,1150.0,2.0,55.0,2,4782.608695652174
Dasanapura,1286.0,2.0,68.0,3,5287.713841368584
Whitefield,2990.0,3.0,198.0,4,6622.0735785953175
JP Nagar,1150.0,2.0,90.0,2,7826.086956521739
Cooke Town,1310.0,2.0,111.0,2,8473.282442748092
Prithvi Layout,1352.0,2.0,72.0,2,5325.443786982249
Bommanahalli,1307.0,2.0,50.0,2,3825.554705432288
Channasandra,1500.0,4.0,89.45,4,5963.333333333333
Singena Agrahara,1500.0,3.0,90.0,3,6000.0
Thanisandra,1131.0,2.0,55.975,2,4949.160035366932
Whitefield,1600.0,3.0,69.1,3,4318.749999999999
Hosur Road,2835.0,4.0,241.0,4,8500.881834215168
Yelahanka,682.0,1.0,36.23,1,5312.316715542522
Whitefield,2500.0,4.0,420.0,4,16800.0
Vittasandra,1650.0,3.0,85.5,3,5181.818181818182
Haralur Road,1850.0,3.0,120.0,3,6486.486486486487
Gubbalala,2000.0,4.0,85.0,4,4250.0
Phase 1 Kammasandra,982.0,2.0,25.0,2,2545.8248472505093
Nandi Durga Road,2015.0,4.0,325.0,2,16129.032258064517
Thanisandra,1702.0,3.0,115.0,3,6756.756756756757
Amruthahalli,1250.0,2.0,79.0,2,6320.0
Raja Rajeshwari Nagar,1240.0,2.0,40.54,2,3269.3548387096776
Sneha Colony,1050.0,2.0,110.0,2,10476.190476190477
Yelahanka,1023.0,2.0,52.59,2,5140.762463343109
Dairy Circle,1541.0,2.0,181.0,2,11745.619727449708
Siddapura,1275.0,2.0,105.0,2,8235.29411764706
Jakkur,1260.0,2.0,71.195,2,5650.396825396825
Sarjapur  Road,1580.0,3.0,125.0,3,7911.392405063291
Thanisandra,1343.0,2.0,75.0,2,5584.512285927029
Bommasandra,1365.0,3.0,52.81,3,3868.864468864469
Kundalahalli,1047.0,2.0,72.0,2,6876.790830945559
Shampura,1187.0,2.0,42.0,2,3538.3319292333613
Banashankari Stage III,1050.0,3.0,147.0,4,14000.0
Frazer Town,560.0,1.0,90.0,1,16071.42857142857
Banashankari Stage III,1000.0,2.0,120.0,3,12000.0
Nagadevanahalli,1200.0,5.0,260.0,5,21666.666666666668
Choodasandra,1075.0,2.0,45.0,2,4186.046511627907
Dairy Circle,2048.0,3.0,206.0,3,10058.59375
Raja Rajeshwari Nagar,1090.0,2.0,57.0,2,5229.357798165138
Doddakammanahalli,1119.0,2.0,48.5,3,4334.226988382485
Poornapragna Housing Society Layout,1355.0,2.0,58.25,3,4298.89298892989
Hennur Road,1445.0,2.0,86.69,3,5999.307958477509
Electronics City Phase 1,1314.0,5.0,120.0,6,9132.4200913242
Malleshwaram,6500.0,4.0,1400.0,4,21538.46153846154
Yeshwanthpur,1165.0,2.0,64.08,2,5500.429184549356
Hormavu,1081.5,2.0,38.665,2,3575.127138233934
Kothanur,1787.0,3.0,107.0,3,5987.688864017907
Mico Layout,3600.0,4.0,330.0,4,9166.666666666666
Battarahalli,1200.0,6.0,100.0,6,8333.333333333334
Electronic City,1020.0,2.0,29.45,2,2887.2549019607845
Sarjapur  Road,1797.0,4.0,95.0,3,5286.588759042849
Whitefield,1205.0,2.0,58.0,2,4813.278008298756
Chennammana Kere,1095.0,2.0,55.85,2,5100.456621004566
Yelahanka,1560.0,2.0,98.0,3,6282.051282051282
5th Phase JP Nagar,1200.0,2.0,68.0,2,5666.666666666667
Rajaji Nagar,1200.0,1.0,200.0,2,16666.666666666668
Kanakpura Road,1450.0,3.0,65.0,3,4482.758620689655
Whitefield,1496.0,2.0,718.0,3,47994.65240641711
Thanisandra,1935.0,4.0,122.0,3,6304.909560723514
Hosa Road,1016.0,2.0,45.0,2,4429.133858267716
Jakkur,1816.0,3.0,119.0,3,6552.863436123348
7th Phase JP Nagar,1680.0,3.0,125.0,3,7440.476190476191
Hoodi,2065.5,4.0,91.915,4,4450.012103606875
Kengeri,1220.0,2.0,63.0,2,5163.934426229508
Hosur Road,3000.0,4.0,160.0,4,5333.333333333333
7th Phase JP Nagar,980.0,2.0,86.0,2,8775.510204081633
Nagarbhavi,1200.0,4.0,210.0,4,17500.0
Hormavu,1250.0,2.0,60.0,2,4800.0
Jakkur,1424.0,2.0,80.0,2,5617.9775280898875
Hennur Road,1297.0,2.0,49.9,2,3847.3400154202004
Karuna Nagar,1300.0,3.0,170.0,3,13076.923076923076
Harlur,1290.0,2.0,89.9,2,6968.992248062015
Koramangala,1720.0,2.0,130.0,3,7558.139534883721
Judicial Layout,1200.0,7.0,199.0,7,16583.333333333332
Deepanjali Nagar,2320.0,2.0,160.0,3,6896.551724137931
Nallurhalli,1237.0,3.0,78.0,3,6305.578011317704
Whitefield,1720.0,3.0,98.97,3,5754.069767441861
Chikkalasandra,1224.0,2.0,45.0,2,3676.470588235294
Yelahanka,1780.0,3.0,107.0,3,6011.23595505618
Seegehalli,4700.0,5.0,800.0,4,17021.27659574468
Electronics City Phase 1,1800.0,3.0,93.0,3,5166.666666666667
Budigere,1139.0,2.0,56.5,2,4960.491659350308
Pulkeshi Nagar,588.0,1.0,88.2,1,15000.0
2nd Phase Judicial Layout,700.0,2.0,35.0,2,5000.0
Kengeri,1150.0,1.0,52.0,1,4521.739130434783
Channasandra,1330.0,2.0,51.83,3,3896.9924812030076
Old Airport Road,2732.0,4.0,194.0,4,7101.024890190337
Kodigehaali,965.0,2.0,38.0,2,3937.8238341968913
Whitefield,1600.0,3.0,95.0,3,5937.5
KUDLU MAIN ROAD,1464.0,2.0,56.0,2,3825.136612021858
Frazer Town,3100.0,3.0,400.0,3,12903.225806451614
Bisuvanahalli,1075.0,2.0,45.0,3,4186.046511627907
Kengeri Hobli,1840.0,1.0,95.0,2,5163.04347826087
Gubbalala,1223.0,3.0,39.14,3,3200.3270645952575
Ramamurthy Nagar,1170.0,2.0,44.0,2,3760.6837606837607
Old Madras Road,3630.0,6.0,207.0,4,5702.479338842975
Bellandur,950.0,2.0,35.0,2,3684.2105263157896
Frazer Town,5400.0,3.0,400.0,3,7407.407407407408
Electronic City,865.0,2.0,40.0,2,4624.277456647399
Kirloskar Layout,2400.0,4.0,89.0,4,3708.3333333333335
Lakshminarayana Pura,1169.0,2.0,75.0,2,6415.739948674081
Hormavu,1206.0,2.0,40.0,2,3316.749585406302
SARJAPUR BAGALUR ROAD,10961.0,4.0,80.0,4,729.8604141957851
Lingadheeranahalli,1683.0,3.0,110.0,3,6535.9477124183
Mico Layout,1250.0,2.0,44.0,3,3520.0
Green Glen Layout,3150.0,4.0,218.0,4,6920.6349206349205
B Y Raveshwara Nagar,1200.0,2.0,140.0,4,11666.666666666666
Bhoganhalli,1234.6,3.0,104.0,3,8423.780981694477
Vijayanagar,492.0,1.0,40.0,1,8130.081300813008
Banashankari,600.0,1.0,27.0,2,4500.0
Kalena Agrahara,1902.0,3.0,89.0,3,4679.2849631966355
Kothnur Narayanapura,1200.0,6.0,125.0,6,10416.666666666666
Govindpura,1639.0,3.0,77.89,3,4752.2879804758995
Kasavanhalli,1214.0,2.0,67.0,2,5518.945634266886
Kadabagere,565.0,2.0,15.0,2,2654.8672566371683
Basaveshwara Nagar,2520.0,4.0,378.0,5,15000.0
Harlur,1386.0,2.0,85.0,2,6132.7561327561325
Bannerghatta Road,1535.0,3.0,60.0,3,3908.7947882736157
Marathahalli,1720.0,3.0,175.0,3,10174.418604651162
7th Phase JP Nagar,1370.0,2.0,54.79,3,3999.2700729927005
Bannerghatta Road,1655.0,3.0,90.0,3,5438.0664652567975
Vidyaranyapura,1200.0,2.0,52.0,2,4333.333333333333
Horamavu Banaswadi,1610.0,3.0,68.0,3,4223.60248447205
Ramamurthy Nagar,2200.0,4.0,130.0,4,5909.090909090909
TC Palaya,1200.0,2.0,66.0,3,5500.0
Mahalakshmi Layout,1105.0,2.0,80.0,2,7239.819004524887
Banjara Layout,753.0,3.0,59.5,2,7901.726427622842
Whitefield,1655.0,3.0,108.0,3,6525.679758308157
KR Garden,1700.0,3.0,250.0,3,14705.882352941177
Vishwapriya Layout,770.0,2.0,30.0,2,3896.103896103896
Balagere,1210.0,2.0,69.0,2,5702.479338842975
Hormavu,965.0,2.0,37.15,2,3849.740932642487
Kanakpura Road,700.0,1.0,41.0,2,5857.142857142857
Whitefield,1740.0,3.0,95.0,3,5459.770114942528
Electronic City Phase II,1310.0,2.0,37.84,3,2888.549618320611
Sarjapur  Road,1763.25,3.0,98.0,3,5557.918616191691
Basaveshwara Nagar,1900.0,3.0,150.0,3,7894.736842105263
Kammanahalli,1000.0,6.0,150.0,6,15000.0
JP Nagar,1450.0,2.0,55.0,3,3793.103448275862
CV Raman Nagar,1836.0,3.0,148.0,3,8061.002178649237
Hoodi Layout,1160.0,2.0,75.0,2,6465.517241379311
Hennur Road,1153.0,2.0,43.0,2,3729.4015611448394
Marathahalli,1285.0,2.0,55.0,2,4280.155642023346
Rest House Road,2500.0,3.0,400.0,3,16000.0
Haralur Road,1194.0,2.0,47.0,2,3936.348408710218
Kadubeesanahalli,1257.0,2.0,105.0,2,8353.221957040572
Whitefield,1200.0,3.0,56.72,3,4726.666666666667
Hormavu,583.0,1.0,28.275,1,4849.91423670669
Tumkur Road,1240.0,2.0,79.0,3,6370.967741935484
Basapura,1294.0,2.0,52.0,3,4018.5471406491497
Nagondanahalli,1095.0,2.0,45.0,2,4109.58904109589
HSR Layout,1145.0,2.0,46.0,2,4017.467248908297
Sarjapur  Road,1826.0,3.0,130.0,3,7119.386637458927
Electronics City Phase 1,1314.0,2.0,60.0,2,4566.2100456621
Koramangala,1900.0,2.0,120.0,3,6315.789473684211
KEB Colony,1040.0,2.0,36.84,2,3542.307692307693
Jakkur,1290.0,2.0,85.0,2,6589.147286821705
Kodigehaali,1200.0,4.0,130.0,4,10833.333333333334
Gollahalli,1325.0,2.0,47.0,3,3547.169811320755
Hebbal,2600.0,3.0,195.0,3,7500.0
Hormavu,1129.0,2.0,44.0,2,3897.2542072630645
Balagere,790.5,1.0,42.295,1,5350.411132194813
Hebbal,1075.0,2.0,52.0,2,4837.209302325581
Green View Layout,1108.0,2.0,48.0,2,4332.129963898917
Ananth Nagar,810.0,2.0,25.5,2,3148.1481481481483
Gopalkrishna Nagar,1155.0,2.0,65.0,2,5627.705627705628
Rajaji Nagar,3900.0,6.0,260.0,6,6666.666666666667
Rajaji Nagar,2367.0,3.0,375.0,3,15842.839036755386
Sarjapur  Road,1550.0,2.0,98.0,3,6322.580645161291
Babusapalaya,1100.0,2.0,38.0,2,3454.5454545454545
Kanakpura Road,1452.0,3.0,54.2,3,3732.7823691460053
Kothanur,1141.0,2.0,54.0,2,4732.690622261174
HOSUR RMAIN ROAD,1464.0,3.0,56.0,3,3825.136612021858
Hanumanth Nagar,1500.0,3.0,67.49,3,4499.333333333333
Anekal,456.0,1.0,15.0,1,3289.4736842105262
Ramamurthy Nagar,1200.0,4.0,125.0,4,10416.666666666666
Thigalarapalya,3122.0,6.0,245.0,4,7847.533632286995
Horamavu Agara,760.0,2.0,37.49,2,4932.894736842105
Koramangala,2400.0,6.0,480.0,6,20000.0
Electronic City,800.0,2.0,32.0,2,4000.0
Choodasandra,1180.0,2.0,71.22,2,6035.593220338983
Kaggadasapura,775.0,2.0,29.5,2,3806.451612903226
Sarjapur  Road,1145.0,2.0,49.5,2,4323.144104803493
Konappana Agrahara,1060.0,2.0,42.5,2,4009.433962264151
Cooke Town,3900.0,5.0,415.0,4,10641.02564102564
Yelahanka New Town,1420.0,2.0,75.0,3,5281.69014084507
Bhoganhalli,2439.0,4.0,190.0,4,7790.077900779008
1st Phase JP Nagar,1200.0,4.0,300.0,4,25000.0
Hoodi,1111.0,2.0,49.43,2,4449.1449144914495
Jeevan bima nagar,984.0,2.0,125.0,2,12703.252032520326
Begur Road,1200.0,2.0,42.0,2,3500.0
Bannerghatta Road,1247.0,2.0,47.39,2,3800.3207698476344
7th Phase JP Nagar,1050.0,2.0,77.47,2,7378.0952380952385
Devanahalli,1550.0,3.0,85.0,3,5483.870967741936
7th Phase JP Nagar,1270.0,2.0,80.0,2,6299.212598425197
Balagere,1012.0,2.0,65.0,2,6422.924901185771
Electronic City,970.0,2.0,34.0,2,3505.1546391752577
Thanisandra,933.0,2.0,55.0,2,5894.962486602358
Sarjapur,1200.0,3.0,76.13,3,6344.166666666667
Dodda Nekkundi Extension,1148.0,2.0,69.0,2,6010.452961672474
7th Phase JP Nagar,1463.0,2.0,61.45,3,4200.273410799727
Jakkur Plantation,1719.0,3.0,110.0,3,6399.069226294358
Whitefield,1350.0,2.0,88.0,2,6518.518518518518
Kaggadasapura,1250.0,2.0,47.0,3,3760.0
1st Block Jayanagar,1700.0,3.0,50.0,8,2941.176470588235
Mahalakshmi Layout,4320.0,7.0,821.0,9,19004.62962962963
Lakshminarayana Pura,1200.0,2.0,75.0,2,6250.0
Whitefield,1030.0,2.0,44.0,2,4271.844660194175
Rajasree Layout,1420.0,3.0,70.0,3,4929.577464788732
Ramagondanahalli,9600.0,6.0,1800.0,5,18750.0
Kanakpura Road,1703.0,3.0,126.0,3,7398.7081620669405
Old Madras Road,1210.0,2.0,80.0,2,6611.570247933884
Horamavu Banaswadi,1210.0,2.0,50.0,2,4132.231404958678
Veer Sandra,3000.0,4.0,264.0,4,8800.0
Chikkadunnasandra,1398.0,3.0,51.0,3,3648.068669527897
Nagavarapalya,1335.0,2.0,110.0,2,8239.700374531834
Hennur,1255.0,2.0,52.32,2,4168.924302788844
Mysore Road,540.0,4.0,85.0,4,15740.74074074074
Babusapalaya,1213.0,2.0,36.37,3,2998.3511953833467
Raja Rajeshwari Nagar,1240.0,2.0,42.04,2,3390.3225806451615
Yelahanka,1076.0,2.0,78.0,2,7249.07063197026
3rd Block Hrbr Layout,1320.0,2.0,90.0,2,6818.181818181818
Whitefield,1216.0,2.0,80.0,2,6578.9473684210525
Thanisandra,1100.0,2.0,42.0,2,3818.181818181818
Thanisandra,1183.0,2.0,77.3,2,6534.234995773458
Balagere,656.0,1.0,38.77,1,5910.0609756097565
Sarjapur  Road,534.0,1.0,19.65,1,3679.775280898876
Shikaripalya,1285.0,2.0,45.0,3,3501.9455252918287
Hegde Nagar,2087.01,4.0,135.0,3,6468.584242528785
"Off Sarjapur Road, ",1161.0,2.0,59.0,2,5081.82601205857
Begur,1306.0,2.0,65.0,2,4977.029096477795
Jakkur,2249.81,4.0,245.0,4,10889.808472715475
Tata Nagar,1504.0,3.0,67.0,3,4454.787234042553
Balagere,645.0,1.0,39.0,1,6046.511627906977
Esther Enclave Layout,1230.0,2.0,68.0,2,5528.455284552845
Hebbal,1100.0,2.0,42.0,2,3818.181818181818
Yelahanka,1000.0,1.0,14.0,1,1400.0
Sadaramangala,1260.0,2.0,62.0,2,4920.6349206349205
Ambalipura,1817.0,3.0,102.0,3,5613.648871766648
Kodihalli,3626.0,5.0,785.0,4,21649.20022062879
Basavangudi,1180.0,2.0,124.0,2,10508.474576271186
KR Puram,1050.0,2.0,55.0,2,5238.0952380952385
Whitefield,2900.0,4.0,225.0,4,7758.620689655172
Kasavanhalli,2110.0,4.0,120.0,3,5687.203791469195
Mysore Road,500.0,1.0,17.5,1,3500.0
Murugeshpalya,1930.0,3.0,75.0,3,3886.0103626943005
Harappanahalli,4560.0,5.0,430.0,4,9429.82456140351
Mahadevpura,1505.0,3.0,64.0,3,4252.491694352159
Jayamahal,2400.0,3.0,750.0,4,31250.0
Ananth Nagar,890.0,2.0,27.0,2,3033.7078651685392
Anekal,1200.0,1.0,36.0,2,3000.0
Gunjur Palya,849.0,2.0,25.4,2,2991.7550058892816
Chikka Tirupathi,1555.0,3.0,100.0,3,6430.868167202572
8th block Koramangala,600.0,2.0,85.0,3,14166.666666666666
KR Puram,1057.0,2.0,30.0,2,2838.2213812677387
7th Phase JP Nagar,1680.0,3.0,122.0,3,7261.9047619047615
Samethanahalli,799.0,2.0,35.0,2,4380.475594493117
Sarjapur  Road,1450.0,2.0,75.0,3,5172.413793103448
Sarjapur  Road,1819.0,3.0,100.0,3,5497.526113249038
Kanakpura Road,1135.0,2.0,56.74,2,4999.1189427312775
HSR Layout,2020.0,3.0,160.0,3,7920.792079207921
Vinayaka Layout,2700.0,4.0,170.0,5,6296.2962962962965
Hosa Road,1730.0,3.0,72.6,3,4196.531791907514
Dasarahalli,1950.0,3.0,125.0,3,6410.25641025641
Thirumalashettyhally,1077.0,2.0,34.46,2,3199.6285979572885
Brookefield,1706.0,3.0,115.0,3,6740.914419695194
New Gurappana Palya,3000.0,4.0,300.0,5,10000.0
Channasandra,1093.0,2.0,37.0,2,3385.1784080512352
Ambalipura,2750.0,4.0,142.0,4,5163.636363636364
Whitefield,1340.0,2.0,101.0,2,7537.313432835821
Sarjapur  Road,984.0,2.0,59.0,2,5995.934959349594
AECS Layout,1135.0,2.0,68.0,2,5991.1894273127755
Bannerghatta Road,2400.0,4.0,344.0,4,14333.333333333334
Varthur,1155.0,2.0,39.0,2,3376.6233766233768
Kaggalipura,700.0,1.0,35.0,1,5000.0
Horamavu Agara,1150.0,2.0,42.0,2,3652.1739130434785
Hormavu,1385.0,2.0,69.25,3,5000.0
Akshaya Nagar,2061.0,4.0,175.0,3,8491.02377486657
Kathriguppe,1335.0,2.0,73.43,3,5500.374531835207
Bellandur,1015.0,2.0,60.0,2,5911.330049261083
Banashankari Stage III,3000.0,6.0,150.0,6,5000.0
Electronic City,1108.0,2.0,63.0,2,5685.9205776173285
Frazer Town,1180.0,2.0,105.0,2,8898.305084745763
Hennur Road,1445.0,2.0,83.0,3,5743.9446366782
Vasanthapura,1500.0,2.0,65.0,2,4333.333333333333
KR Puram,1085.0,2.0,46.5,2,4285.714285714285
Rachenahalli,1050.0,2.0,52.08,2,4960.0
Kadugodi,2760.0,4.0,290.0,4,10507.246376811594
Sarjapura - Attibele Road,1330.0,2.0,49.0,3,3684.2105263157896
Ramagondanahalli,845.0,2.0,45.82,2,5422.485207100592
Kadugodi,1762.0,3.0,112.0,3,6356.413166855846
Ambalipura,1303.0,2.0,80.0,2,6139.677666922486
Banagiri Nagar,1560.0,2.0,125.0,3,8012.820512820513
Chandapura,1110.0,2.0,29.97,3,2700.0
Doddabanahalli,1290.0,3.0,45.33,3,3513.953488372093
Bannerghatta Road,1237.5,2.0,49.49,2,3999.191919191919
9th Phase JP Nagar,1780.0,3.0,88.0,3,4943.820224719101
Budigere,1636.0,3.0,83.0,3,5073.349633251833
Sector 2 HSR Layout,1332.0,2.0,101.0,2,7582.582582582582
Sadashiva Nagar,7500.0,5.0,1500.0,5,20000.0
Kodbisanhalli,1012.0,2.0,59.0,2,5830.0395256917
Kengeri,1192.0,2.0,53.5,2,4488.255033557047
Abbigere,795.0,2.0,32.54,2,4093.0817610062895
Uttarahalli,1213.0,2.0,48.0,2,3957.131079967024
Sarjapur  Road,1489.0,3.0,88.0,3,5910.006715916723
Sarjapur,1200.0,2.0,62.0,2,5166.666666666667
Electronic City Phase II,1140.0,2.0,28.5,2,2500.0
Devanahalli,1200.0,2.0,55.08,3,4590.0
Ananth Nagar,1200.0,2.0,36.0,2,3000.0
Vidyaranyapura,2640.0,6.0,225.0,5,8522.727272727272
Bannerghatta Road,1650.0,3.0,94.0,3,5696.969696969697
Bharathnagar,1245.0,2.0,120.0,2,9638.55421686747
Ardendale,1224.0,2.0,67.0,2,5473.856209150327
Gunjur,1235.0,2.0,52.76,2,4272.064777327935
Yelenahalli,1200.0,2.0,45.6,2,3800.0
Yelahanka,1342.0,2.0,75.0,3,5588.673621460507
9th Phase JP Nagar,600.0,3.0,79.0,3,13166.666666666666
TC Palaya,1800.0,2.0,80.0,2,4444.444444444444
HAL 2nd Stage,2280.0,4.0,615.0,4,26973.684210526317
Rajaji Nagar,2440.0,2.0,415.0,4,17008.196721311477
Abbigere,1130.0,2.0,46.33,2,4100.0
Somasundara Palya,1186.0,2.0,72.0,2,6070.826306913997
Hennur,1295.0,2.0,64.0,2,4942.084942084942
Kudlu Gate,1535.0,3.0,85.0,3,5537.459283387622
Bannerghatta Road,905.0,2.0,65.0,2,7182.32044198895
Bhoganhalli,1447.0,2.0,75.97,2,5250.172771250864
Hormavu,1165.0,2.0,40.0,2,3433.4763948497853
Kanakpura Road,1328.0,2.0,107.0,2,8057.22891566265
Gandhi Bazar,1485.0,2.0,110.0,3,7407.407407407408
Uttarahalli,1475.0,2.0,59.0,3,4000.0
Vidyaranyapura,1175.0,2.0,35.0,2,2978.723404255319
Thigalarapalya,1245.0,2.0,100.0,2,8032.128514056225
Vishwanatha Nagenahalli,720.0,4.0,95.0,4,13194.444444444445
Rachenahalli,985.0,2.0,49.97,2,5073.096446700508
Koramangala,4000.0,5.0,800.0,5,20000.0
Hoskote,1395.0,2.0,63.0,3,4516.129032258064
Hoodi,711.0,1.0,42.65,1,5998.5935302391
Electronic City,630.0,1.0,40.5,1,6428.571428571428
MS Pallya,2400.0,4.0,88.0,4,3666.6666666666665
Gottigere,1170.0,2.0,40.0,2,3418.803418803419
Marathahalli,2500.0,5.0,181.0,4,7240.0
Gubbalala,1100.0,2.0,49.5,2,4500.0
Hulimavu,3560.0,5.0,318.0,4,8932.58426966292
Margondanahalli,900.0,2.0,55.0,2,6111.111111111111
Bommasandra Industrial Area,1160.0,2.0,33.51,2,2888.793103448276
Varthur,1180.0,2.0,55.0,2,4661.016949152542
Tumkur Road,1441.0,2.0,95.0,3,6592.64399722415
Channasandra Layout,1115.0,2.0,50.0,2,4484.304932735426
Yeshwanthpur,1825.0,3.0,145.0,3,7945.2054794520545
Challaghatta,1489.0,2.0,101.0,2,6783.075889858966
Defence Colony,2800.0,4.0,365.0,4,13035.714285714286
Subramanyapura,1278.0,3.0,62.71,3,4906.885758998435
Subramanyapura,1223.0,2.0,42.81,3,3500.408830744072
Hormavu,1065.0,2.0,50.92,2,4781.220657276996
Whitefield,1190.0,2.0,64.0,2,5378.151260504202
Koramangala,1130.0,2.0,63.0,2,5575.221238938053
Banashankari,1430.0,2.0,87.8,2,6139.8601398601395
HRBR Layout,1900.0,3.0,90.0,4,4736.8421052631575
Sarjapur  Road,1104.0,2.0,34.22,2,3099.6376811594205
Begur Road,1240.0,2.0,45.88,2,3700.0
Choodasandra,1140.0,2.0,62.0,2,5438.596491228071
Haralur Road,1194.0,2.0,47.0,2,3936.348408710218
KUDLU MAIN ROAD,1464.0,3.0,56.0,3,3825.136612021858
Sarjapur,3508.0,6.0,425.0,4,12115.165336374002
KR Puram,1700.0,3.0,105.0,3,6176.470588235294
Old Airport Road,2658.0,5.0,189.0,4,7110.609480812641
Canara Bank Colony,1600.0,2.0,90.0,3,5625.0
OMBR Layout,3400.0,4.0,275.0,4,8088.235294117647
Reliaable Tranquil Layout,1508.0,3.0,75.0,3,4973.474801061008
Balagere,645.0,1.0,41.0,1,6356.589147286822
Hormavu,1046.0,2.0,60.0,2,5736.137667304015
Munnekollal,1200.0,8.0,230.0,10,19166.666666666668
5th Block Jayanagar,1500.0,1.0,300.0,1,20000.0
Mahalakshmi Puram,3000.0,6.0,300.0,6,10000.0
Hosa Road,1079.0,2.0,32.37,2,2999.9999999999995
Thubarahalli,975.0,2.0,50.0,2,5128.205128205128
ISRO Layout,1050.0,2.0,51.0,2,4857.142857142857
HSR Layout,1200.0,9.0,350.0,9,29166.666666666668
"Jayanagar, ",1903.0,3.0,165.0,3,8670.520231213874
Asthagrama Layout,1200.0,2.0,38.0,2,3166.6666666666665
Avalahalli,2996.0,4.0,200.0,4,6675.567423230975
Manayata Tech Park,3400.0,4.0,200.0,4,5882.35294117647
Whitefield,2000.0,4.0,312.0,4,15600.0
Jigani,1453.0,4.0,160.0,4,11011.699931176876
Parappana Agrahara,1092.0,2.0,43.0,2,3937.7289377289376
Hormavu,1400.0,2.0,75.0,2,5357.142857142857
Bommanahalli,1416.0,2.0,85.0,3,6002.824858757062
ITI Layout,1602.0,2.0,75.0,3,4681.647940074907
Electronic City,1100.0,2.0,41.0,2,3727.2727272727275
Kothanur,1760.0,3.0,110.0,3,6250.0
Marathahalli,3800.0,4.0,235.0,4,6184.210526315789
Vasanthapura,1037.0,2.0,36.28,2,3498.553519768563
Yeshwanthpur,1384.0,2.0,76.18,3,5504.3352601156075
Vajarahalli,551.0,1.0,30.0,1,5444.64609800363
Indira Nagar,2400.0,5.0,1250.0,4,52083.333333333336
7th Phase JP Nagar,500.0,1.0,70.0,1,14000.0
Sarjapur,900.0,2.0,27.98,2,3108.8888888888887
Anandapura,1415.0,2.0,74.0,3,5229.681978798587
Rajarajesheari nagar,1400.0,2.0,44.8,2,3200.0
Devara Jeevanahalli,1300.0,4.0,52.0,7,4000.0
Millers Road,2850.0,4.0,460.0,3,16140.350877192983
Kudlu,1030.0,2.0,75.0,2,7281.553398058252
Kambipura,883.0,2.0,39.0,2,4416.761041902605
Celebrity Paradise Layout,550.0,1.0,16.0,1,2909.090909090909
Anjanapura,1800.0,4.0,55.0,4,3055.5555555555557
Yemlur,10000.0,5.0,1950.0,5,19500.0
Old Madras Road,1210.0,2.0,77.0,2,6363.636363636364
Vishveshwarya Layout,2000.0,3.0,90.0,4,4500.0
Kanakpura Road,1100.0,3.0,58.0,3,5272.727272727273
Lavakusha Nagar,1780.0,3.0,100.0,3,5617.9775280898875
2nd Block Hbr Layout,950.0,5.0,55.0,5,5789.473684210527
Panathur,1050.0,2.0,60.0,2,5714.285714285715
Hosur Road,1370.0,3.0,38.36,3,2800.0
Marathahalli,3951.0,4.0,230.0,4,5821.311060491015
Bellandur,2500.0,4.0,112.0,3,4480.0
Sri Venkateshpura Layout,1050.0,2.0,49.5,2,4714.285714285715
Anjanapura,1843.0,3.0,87.54,3,4749.864351600651
3rd Block Banashankari,1200.0,4.0,175.0,4,14583.333333333334
Somasundara Palya,1186.0,2.0,76.0,2,6408.0944350758855
Haralur Road,560.0,1.0,45.0,1,8035.714285714285
Narayanapura,2357.0,3.0,135.0,3,5727.619855748833
Mahalakshmi Layout,1200.0,3.0,160.0,4,13333.333333333334
Yelahanka,1823.0,3.0,103.0,3,5650.027427317608
Rajasree Layout,1310.0,3.0,90.0,3,6870.229007633588
Varthur,1520.0,2.0,60.0,3,3947.3684210526317
Bhoganhalli,1610.0,3.0,74.03,3,4598.1366459627325
Whitefield,1500.0,3.0,78.57,3,5237.999999999999
LB Shastri Nagar,1400.0,2.0,80.0,3,5714.285714285715
HRBR Layout,1625.0,3.0,120.0,3,7384.615384615385
Chikkalasandra,1500.0,5.0,265.0,5,17666.666666666668
Hessarghatta,900.0,2.0,24.0,2,2666.6666666666665
Talaghattapura,1100.0,2.0,32.0,2,2909.090909090909
Bannerghatta Road,1000.0,2.0,50.0,2,5000.0
Old Airport Road,2774.0,4.0,197.0,4,7101.658255227109
Yeshwanthpur,994.0,2.0,54.67,1,5500.0
Kaggadasapura,1455.0,3.0,75.0,3,5154.639175257732
Chandapura,1200.0,3.0,79.0,5,6583.333333333333
Lakshminarayana Pura,1172.0,2.0,75.0,2,6399.317406143345
Hennur,1935.0,3.0,102.0,3,5271.3178294573645
Rachenahalli,1856.0,3.0,106.0,3,5711.206896551724
Old Airport Road,2392.0,3.0,249.0,3,10409.69899665552
Uttarahalli,900.0,2.0,35.0,2,3888.8888888888887
Raja Rajeshwari Nagar,1757.0,3.0,98.0,3,5577.689243027889
Kudlu,1027.0,2.0,44.0,2,4284.323271665044
Whitefield,1626.0,3.0,85.0,3,5227.552275522755
Dr Shivarama Karantha Nagar,1200.0,2.0,54.0,2,4500.0
Hoodi,1559.0,3.0,81.55,3,5230.917254650417
Amruthahalli,1190.0,2.0,50.0,2,4201.680672268908
KR Puram,1200.0,2.0,72.0,2,6000.0
Harlur,1174.0,2.0,74.0,2,6303.236797274276
Kanakpura Road,1140.0,2.0,65.0,2,5701.754385964912
Vibuthipura,1603.0,2.0,125.0,3,7797.878976918279
Subramanyapura,1278.0,3.0,70.0,3,5477.308294209703
Krishna Reddy Layout,2180.0,3.0,285.0,3,13073.394495412844
Banashankari Stage III,1085.0,2.0,50.0,2,4608.294930875576
Whitefield,1195.0,2.0,61.36,2,5134.728033472803
Kamakshipalya,450.0,1.0,30.0,1,6666.666666666667
Rajaji Nagar,6500.0,5.0,1400.0,4,21538.46153846154
Attibele,550.0,1.0,11.5,1,2090.909090909091
Kenchenahalli,1165.0,2.0,45.0,2,3862.6609442060085
1st Stage Indira Nagar,3000.0,4.0,301.0,4,10033.333333333334
Kanakpura Road,1452.0,3.0,60.0,3,4132.231404958678
Sarjapur  Road,702.0,1.0,52.0,1,7407.407407407408
Banashankari,1020.0,2.0,42.83,2,4199.019607843137
Devanahalli,1340.0,2.0,65.0,2,4850.746268656716
Marathahalli,1125.0,2.0,54.8,2,4871.111111111111
JCR Layout,1160.0,2.0,40.53,2,3493.9655172413795
Vidyaranyapura,1050.0,2.0,50.0,2,4761.9047619047615
JP Nagar,1960.0,3.0,138.0,3,7040.816326530612
Ganga Nagar,1200.0,3.0,52.0,2,4333.333333333333
Judicial Layout,1200.0,4.0,220.0,3,18333.333333333332
Old Airport Road,3496.0,4.0,262.0,4,7494.279176201373
Electronic City,975.0,2.0,32.0,2,3282.051282051282
Kudlu,1700.0,3.0,125.0,3,7352.941176470588
8th Phase JP Nagar,1800.0,4.0,230.0,4,12777.777777777777
Madavara,612.0,3.0,47.0,4,7679.738562091503
Brooke Bond First Cross,1275.0,2.0,69.0,2,5411.764705882353
Yeshwanthpur,650.0,1.0,40.0,1,6153.846153846154
Kasavanhalli,1495.0,2.0,110.0,2,7357.859531772575
Hebbal,1200.0,2.0,48.0,2,4000.0
Sarjapura - Attibele Road,3750.0,6.0,295.0,5,7866.666666666667
Hennur Road,1679.0,3.0,94.86,3,5649.791542584872
Kaval Byrasandra,1450.0,3.0,75.0,3,5172.413793103448
Balagere,1210.0,2.0,82.0,2,6776.859504132231
Dwaraka Nagar,1300.0,2.0,51.0,3,3923.076923076923
Judicial Layout,1165.0,2.0,49.61,2,4258.369098712446
Keshava Nagar,1623.0,3.0,155.0,3,9550.215650030807
Channasandra,1115.0,2.0,35.8,2,3210.7623318385645
BTM Layout,450.0,1.0,20.0,1,4444.444444444444
Electronics City Phase 1,1170.0,2.0,62.0,2,5299.145299145299
KR Puram,2065.0,4.0,248.0,4,12009.685230024214
Marathahalli,1700.0,3.0,126.0,3,7411.764705882353
Uttarahalli,1080.0,5.0,160.0,6,14814.814814814816
Malleshpalya,1245.0,2.0,55.0,2,4417.6706827309235
Kanakapura,1017.0,2.0,66.0,2,6489.675516224189
7th Phase JP Nagar,650.0,6.0,80.0,6,12307.692307692309
Sarjapur  Road,1242.0,2.0,75.0,2,6038.647342995169
Yelahanka,1792.0,3.0,104.0,3,5803.571428571428
Garebhavipalya,1275.0,3.0,55.0,3,4313.725490196079
8th Phase JP Nagar,1200.0,6.0,260.0,6,21666.666666666668
7th Block Jayanagar,2400.0,3.0,408.0,3,17000.0
Electronic City,605.0,1.0,22.0,1,3636.3636363636365
HBR Layout,1200.0,4.0,115.0,4,9583.333333333334
Electronics City Phase 1,1450.0,3.0,79.0,3,5448.275862068966
Bommenahalli,1232.0,3.0,96.0,3,7792.207792207792
Laggere,1800.0,5.0,70.0,5,3888.8888888888887
Sidedahalli,900.0,1.0,52.3,1,5811.111111111111
Kaggadasapura,1200.0,2.0,40.0,2,3333.3333333333335
Kadugodi,2100.0,3.0,204.0,4,9714.285714285714
Uttarahalli,1065.0,2.0,42.6,2,4000.0
AGS Layout,1075.0,2.0,48.38,2,4500.46511627907
Anand Nagar,1508.0,5.0,240.0,6,15915.119363395226
Lake City,780.0,2.0,31.0,2,3974.358974358974
7th Phase JP Nagar,1070.0,2.0,42.79,2,3999.0654205607475
Haralur Road,1464.0,3.0,56.0,3,3825.136612021858
Ramagondanahalli,1910.0,3.0,150.0,3,7853.4031413612565
Cox Town,1280.0,2.0,120.0,2,9375.0
Raja Rajeshwari Nagar,1530.0,3.0,64.0,3,4183.006535947712
Bhoganhalli,2439.0,5.0,170.0,4,6970.069700697007
Varsova Layout,1088.0,2.0,43.5,2,3998.1617647058824
Harlur,1174.0,2.0,78.0,2,6643.9522998296425
Raja Rajeshwari Nagar,1587.0,3.0,73.8,3,4650.283553875236
Kaggadasapura,1045.0,2.0,55.0,2,5263.1578947368425
Yelahanka,1304.0,2.0,69.97,2,5365.79754601227
Whitefield,1100.0,2.0,65.0,2,5909.090909090909
Hennur Road,1482.0,2.0,68.9,3,4649.122807017545
Devanahalli,2125.0,3.0,107.0,3,5035.294117647059
Varthur,1000.0,4.0,65.0,5,6500.0
Parappana Agrahara,1194.0,2.0,45.0,2,3768.8442211055276
Kengeri,1200.0,2.0,42.0,2,3500.0
Volagerekallahalli,1070.0,2.0,32.99,2,3083.177570093458
Whitefield,1100.0,2.0,46.5,2,4227.272727272727
Whitefield,1270.0,2.0,65.0,3,5118.110236220473
Marasandra,1000.0,2.0,31.0,2,3100.0
Vittasandra,1246.0,2.0,69.0,2,5537.720706260032
Raja Rajeshwari Nagar,1529.0,3.0,51.77,3,3385.8731196860695
Thanisandra,1185.0,2.0,42.0,2,3544.3037974683543
Gubbalala,1060.0,2.0,46.0,2,4339.622641509434
Ananth Nagar,1319.0,3.0,37.75,3,2862.016679302502
Kaikondrahalli,991.0,2.0,64.0,2,6458.123107971745
Thanisandra,662.0,1.0,38.0,1,5740.181268882176
Nandini Layout,1200.0,2.0,110.0,2,9166.666666666666
tc.palya,1400.0,2.0,78.0,3,5571.428571428572
Talaghattapura,1575.0,3.0,80.0,3,5079.3650793650795
Hosakerehalli,600.0,2.0,65.0,2,10833.333333333334
Electronic City,717.0,5.0,78.0,5,10878.661087866109
Ananth Nagar,1319.0,3.0,42.0,3,3184.230477634572
Brookefield,2000.0,3.0,300.0,3,15000.0
9th Phase JP Nagar,600.0,3.0,85.0,3,14166.666666666666
Electronics City Phase 1,940.0,2.0,48.0,2,5106.382978723404
Singasandra,600.0,1.0,45.0,1,7500.0
Chandapura,985.0,2.0,25.12,2,2550.253807106599
Kodigehalli,500.0,1.0,55.0,2,11000.0
Bharathi Nagar,1349.0,2.0,56.7,2,4203.113417346182
Whitefield,3117.0,3.0,261.0,3,8373.435996150145
HSR Layout,1844.0,3.0,95.0,3,5151.843817787419
Thigalarapalya,1830.0,4.0,150.0,3,8196.72131147541
Sarjapur  Road,2275.0,4.0,185.0,3,8131.868131868132
Varthur Road,1140.0,2.0,49.11,2,4307.894736842105
Banjara Layout,900.0,3.0,79.0,3,8777.777777777777
Jaya Mahal layout,2648.0,3.0,238.0,3,8987.915407854985
Judicial Layout,5400.0,4.0,700.0,5,12962.962962962964
Banashankari,1372.0,2.0,48.02,3,3500.0
Sanne Amanikere,1455.0,2.0,45.0,3,3092.783505154639
Hebbal,1100.0,2.0,38.0,2,3454.5454545454545
Raja Rajeshwari Nagar,1295.0,2.0,55.47,2,4283.397683397683
Vajarahalli,1475.0,3.0,80.0,3,5423.728813559322
Nagavarapalya,1788.0,3.0,164.0,3,9172.259507829978
Haralur Road,1243.0,2.0,46.0,2,3700.7240547063557
Yeshwanthpur,1855.0,3.0,140.0,3,7547.169811320755
Kudlu Gate,1850.0,3.0,120.0,3,6486.486486486487
Marathahalli,1315.0,2.0,60.0,3,4562.737642585551
Whitefield,1216.0,2.0,73.0,2,6003.289473684211
Brooke Bond First Cross,1721.0,3.0,93.0,3,5403.834979662986
Sonnenahalli,1059.0,2.0,62.0,2,5854.579792256846
Kadubeesanahalli,1184.0,2.0,55.0,2,4645.27027027027
Yelahanka,1400.0,5.0,175.0,7,12500.0
Koramangala,2223.0,3.0,300.0,3,13495.27665317139
Kodbisanhalli,1480.0,3.0,75.0,3,5067.5675675675675
Kodigehalli,635.0,1.0,28.0,2,4409.4488188976375
BEML Layout,2400.0,2.0,228.0,2,9500.0
JP Nagar,1500.0,2.0,87.0,4,5800.0
Hosa Road,1143.0,2.0,34.2,2,2992.125984251969
Sarjapur  Road,3200.0,4.0,350.0,4,10937.5
Kanakpura Road,3170.0,4.0,250.0,4,7886.435331230284
Vaishnavi Layout,4800.0,4.0,420.0,4,8750.0
Kothannur,1485.0,2.0,59.4,3,4000.0
Rajaji Nagar,1640.0,3.0,251.0,3,15304.878048780487
Hennur,1655.0,2.0,70.5,3,4259.818731117824
2nd Phase Judicial Layout,900.0,2.0,41.0,2,4555.555555555556
Somasundara Palya,1600.0,3.0,69.0,3,4312.5
Neelamangala,1163.0,2.0,68.0,2,5846.947549441101
Hennur Road,1654.0,3.0,97.8,3,5912.938331318017
Pragathi Nagar,801.0,1.0,33.645,1,4200.374531835207
Ngef Layout,2100.0,3.0,1000.0,4,47619.04761904762
Bellandur,1685.0,3.0,101.0,3,5994.06528189911
Banashankari,1540.0,3.0,80.0,3,5194.805194805195
Thanisandra,1265.0,2.0,72.0,2,5691.699604743083
Kasavanhalli,1200.0,2.0,38.4,3,3200.0
Amblipura,1300.0,2.0,80.0,3,6153.846153846154
Sultan Palaya,1009.0,2.0,65.0,2,6442.021803766105
Ramamurthy Nagar Extension,1540.0,3.0,65.0,3,4220.779220779221
Bellandur,1735.0,3.0,105.0,3,6051.873198847262
HSR Layout,2500.0,4.0,300.0,4,12000.0
Marsur,497.0,1.0,20.0,2,4024.1448692152917
Hosakerehalli,2480.0,4.0,265.0,3,10685.483870967742
Electronic City,1142.0,2.0,35.0,2,3064.7985989492117
Doctors Layout,1215.0,2.0,46.8,3,3851.8518518518517
Electronic City,1070.0,2.0,48.0,2,4485.981308411215
Electronic City Phase II,1125.0,2.0,32.49,2,2888.0
Bommasandra Industrial Area,1125.0,2.0,32.49,2,2888.0
Kasavanhalli,1575.0,2.0,85.0,2,5396.825396825397
Hosa Road,1360.0,2.0,77.61,2,5706.617647058823
Haralur Road,1710.0,3.0,85.0,3,4970.7602339181285
Electronic City Phase II,1200.0,2.0,34.65,2,2887.5
Bannerghatta Road,2185.0,3.0,120.0,4,5491.990846681922
Bagalur,2400.0,4.0,135.0,4,5625.0
Banashankari,1195.0,2.0,35.84,2,2999.1631799163183
Vittasandra,1246.0,2.0,67.0,2,5377.2070626003215
Bannerghatta Road,1012.0,2.0,45.0,2,4446.640316205534
Ganga Nagar,998.0,2.0,65.0,2,6513.026052104208
Doddaballapur,2400.0,3.0,250.0,3,10416.666666666666
7th Phase JP Nagar,1130.0,2.0,85.0,2,7522.123893805309
Koramangala,1744.0,4.0,210.0,3,12041.284403669724
Rajaji Nagar,2733.0,5.0,259.0,4,9476.765459202341
Karuna Nagar,1354.0,2.0,98.0,3,7237.81388478582
Maruthi Nagar,3300.0,9.0,450.0,10,13636.363636363636
Brookefield,1389.0,2.0,94.0,2,6767.458603311735
Sarjapur,2970.0,3.0,130.0,4,4377.104377104377
Cooke Town,2560.0,4.0,310.0,3,12109.375
Lakshminarayana Pura,1172.0,2.0,75.0,2,6399.317406143345
5th Block Jayanagar,500.0,2.0,75.0,3,15000.0
Kaggadasapura,1495.0,3.0,60.0,3,4013.3779264214045
Varthur,1738.0,2.0,57.35,2,3299.7698504027617
Dodda Nekkundi,1315.0,2.0,50.0,2,3802.2813688212927
Marathahalli,1270.0,2.0,73.0,2,5748.031496062992
Electronic City Phase II,1160.0,2.0,52.2,2,4500.0
Raja Rajeshwari Nagar,1450.0,2.0,67.0,3,4620.689655172414
Rayasandra,470.0,1.0,21.0,1,4468.085106382979
2nd Phase JP Nagar,1040.0,2.0,78.0,2,7500.0
Sarjapur,1205.0,2.0,29.0,2,2406.639004149378
KSRTC Layout,1215.0,2.0,50.0,3,4115.22633744856
Whitefield,1135.0,2.0,58.0,2,5110.132158590309
8th Phase JP Nagar,1224.0,2.0,48.95,3,3999.1830065359477
Budigere,664.0,1.0,34.0,1,5120.481927710844
Electronic City,1160.0,2.0,42.0,3,3620.689655172414
Babusapalaya,1200.0,2.0,105.0,2,8750.0
Bommasandra Industrial Area,1220.0,2.0,35.2,3,2885.2459016393445
Bharathi Nagar,1328.0,2.0,69.0,2,5195.78313253012
BSM Extension,975.0,2.0,45.0,2,4615.384615384615
Ambedkar Colony,1907.0,2.0,200.0,3,10487.676979549029
Malleshwaram,900.0,2.0,72.0,2,8000.0
Banashankari 6th Stage,1330.0,2.0,80.0,2,6015.037593984963
Rajiv Nagar,2330.0,5.0,175.0,4,7510.729613733905
Munnekollal,1222.0,3.0,95.0,3,7774.140752864158
Dodsworth Layout,4446.0,3.0,410.0,3,9221.772379667116
Sarjapur  Road,2100.0,3.0,135.0,3,6428.571428571428
Sarjapur  Road,3335.0,4.0,290.0,4,8695.652173913044
Whitefield,3150.0,3.0,290.0,3,9206.349206349207
Jnana Ganga Nagar,1320.0,2.0,95.0,3,7196.969696969697
9th Phase JP Nagar,820.0,7.0,140.0,7,17073.170731707316
Shetty Halli,8000.0,5.0,550.0,5,6875.0
Hennur Road,2400.0,5.0,500.0,4,20833.333333333332
Uttarahalli,1330.0,2.0,46.55,3,3500.0
Hosur Road,2000.0,4.0,130.0,4,6500.0
Electronic City Phase II,1244.0,2.0,55.0,2,4421.221864951768
Konena Agrahara,1000.0,2.0,50.0,2,5000.0
Gunjur Palya,1400.0,3.0,45.0,3,3214.285714285714
Vignana Nagar,1000.0,2.0,35.0,2,3500.0
Rajaji Nagar,1056.0,1.0,250.0,2,23674.242424242424
Uttarahalli,1250.0,2.0,50.0,3,4000.0
Hebbal,2630.0,5.0,188.0,4,7148.28897338403
Jeevan bima nagar,1225.0,2.0,48.0,2,3918.3673469387754
Hebbal,2790.0,5.0,198.0,4,7096.774193548387
Indira Nagar,2800.0,4.0,365.0,4,13035.714285714286
Seegehalli,1683.0,3.0,80.0,3,4753.416518122401
Yelahanka,1250.0,2.0,54.0,2,4320.0
Hennur Road,1305.0,2.0,110.0,3,8429.11877394636
Sarjapur  Road,3009.0,3.0,331.0,3,11000.33233632436
Kaggalipura,1150.0,2.0,57.5,3,5000.0
Kaggadasapura,1654.0,3.0,70.0,3,4232.1644498186215
Munivenkatppa Layout,4500.0,3.0,225.0,4,5000.0
Kadugodi,1890.0,4.0,125.0,3,6613.756613756614
Kasavanhalli,1069.0,2.0,55.0,2,5144.9953227315245
Chandapura,750.0,1.0,18.5,2,2466.6666666666665
Banashankari,675.0,4.0,140.0,4,20740.74074074074
Hormavu,2400.0,3.0,177.0,3,7375.0
2nd Stage Nagarbhavi,1200.0,4.0,240.0,5,20000.0
Koramangala,1410.0,2.0,280.0,4,19858.156028368794
7th Phase JP Nagar,1680.0,3.0,130.0,3,7738.0952380952385
Sadanand Nagar,3500.0,4.0,500.0,3,14285.714285714286
Sarjapur  Road,1700.0,3.0,93.5,3,5500.0
Brindavan Layout,2200.0,2.0,150.0,4,6818.181818181818
Thanisandra,1595.0,3.0,105.0,3,6583.0721003134795
Hennur Road,1480.0,3.0,100.0,3,6756.756756756757
Bethel Nagar,1092.0,3.0,95.0,3,8699.6336996337
Koramangala,1866.0,4.0,245.0,3,13129.689174705252
Hebbal,3895.0,3.0,390.0,3,10012.836970474968
Banashankari,1683.0,3.0,115.0,3,6833.036244800951
Dasanapura,545.0,2.0,22.34,2,4099.082568807339
Banaswadi,1340.0,2.0,73.0,2,5447.761194029851
"Judicial Layout, Kanakapura Road, ",1100.0,3.0,53.0,3,4818.181818181818
Akshaya Nagar,2000.0,1.0,200.0,1,10000.0
Whitefield,1185.0,2.0,56.0,2,4725.738396624472
Chandapura,1025.0,2.0,27.68,2,2700.487804878049
Haralur Road,1730.0,3.0,95.0,3,5491.329479768786
Hennur Road,1450.0,3.0,88.6,3,6110.3448275862065
Sarjapur  Road,1862.0,4.0,110.0,3,5907.626208378088
Sarjapur  Road,4000.0,5.0,578.0,4,14450.0
Old Madras Road,2430.0,5.0,180.0,3,7407.407407407408
Hoodi,863.0,1.0,40.55,1,4698.725376593278
Chambenahalli,1170.0,2.0,50.0,2,4273.504273504273
B Narayanapura,1075.0,2.0,50.0,2,4651.162790697675
Kodichikkanahalli,1060.0,2.0,34.0,2,3207.5471698113206
Sarjapur,850.0,2.0,32.0,2,3764.705882352941
P&T Layout,935.0,2.0,45.9,2,4909.090909090909
Gollarapalya Hosahalli,1905.0,3.0,86.0,4,4514.435695538058
8th Block Jayanagar,2000.0,6.0,300.0,6,15000.0
Uttarahalli,1125.0,2.0,47.0,2,4177.777777777777
9th Phase JP Nagar,600.0,6.0,75.0,6,12500.0
Chikkabanavar,1500.0,4.0,105.0,4,7000.0
Bannerghatta Road,1725.0,3.0,85.0,3,4927.536231884058
Dodda Banaswadi,1120.0,2.0,36.0,2,3214.285714285714
Brookefield,1750.0,2.0,75.0,3,4285.714285714285
7th Phase JP Nagar,2000.0,3.0,77.0,3,3850.0
Koramangala,1745.0,3.0,98.0,3,5616.045845272206
Bagalakunte,750.0,3.0,95.0,5,12666.666666666666
Uttarahalli,1270.0,2.0,55.25,3,4350.393700787402
Iblur Village,5384.0,5.0,420.0,5,7800.891530460624
Sahakara Nagar,1180.0,2.0,72.0,2,6101.6949152542375
Shanti Nagar,1130.0,2.0,75.0,2,6637.168141592921
Old Airport Road,2774.0,4.0,197.0,4,7101.658255227109
Ardendale,1723.0,3.0,95.0,3,5513.6390017411495
Mysore Road,1175.0,2.0,70.5,2,6000.0
Ambalipura,1607.0,2.0,112.0,3,6969.508400746733
Varanasi,1334.0,2.0,62.0,2,4647.67616191904
Vishwapriya Layout,2800.0,5.0,130.0,5,4642.857142857143
Bellandur,1138.0,3.0,128.0,3,11247.80316344464
Bannerghatta,1113.0,2.0,70.0,2,6289.308176100629
9th Phase JP Nagar,1300.0,2.0,58.0,3,4461.538461538462
Judicial Layout,2400.0,4.0,350.0,4,14583.333333333334
Sahakara Nagar,1200.0,2.0,60.0,2,5000.0
cooketown,1900.0,3.0,190.0,3,10000.0
Jakkur,5150.0,4.0,559.0,4,10854.368932038835
2nd Stage Nagarbhavi,1200.0,5.0,290.0,5,24166.666666666668
Whitefield,2956.0,5.0,234.0,4,7916.102841677944
Begur Road,1100.0,5.0,165.0,5,15000.0
Panathur,1398.0,2.0,97.0,2,6938.483547925608
Margondanahalli,1152.0,1.0,66.0,2,5729.166666666667
Rajarajeshwarinagar,1200.0,5.0,325.0,4,27083.333333333332
Nagavara,1110.0,2.0,44.95,2,4049.5495495495497
 Devarachikkanahalli,1116.0,2.0,47.0,2,4211.469534050179
Babusapalaya,1061.0,2.0,33.84,2,3189.4439208294066
Malleshwaram,620.0,1.0,86.8,1,14000.0
7th Phase JP Nagar,1300.0,2.0,52.0,3,4000.0
Yelahanka,1270.0,2.0,57.0,2,4488.188976377953
Peenya,966.0,2.0,50.0,2,5175.983436853002
AMS Layout,1200.0,4.0,110.0,4,9166.666666666666
Kodigehalli,1320.0,4.0,249.0,4,18863.636363636364
Iblur Village,3596.0,5.0,297.0,4,8259.176863181312
Kathriguppe IV Phase,1630.0,3.0,131.0,3,8036.80981595092
Kodipalya,600.0,6.0,72.0,5,12000.0
Ramchandrapuram,600.0,4.0,60.0,4,10000.0
Amruthahalli,1202.0,2.0,65.0,2,5407.65391014975
Pampa Extension,1200.0,4.0,250.0,4,20833.333333333332
Jakkur,1300.0,2.0,80.0,2,6153.846153846154
Uttarahalli,1200.0,6.0,330.0,6,27500.0
Electronic City,1360.0,2.0,70.0,3,5147.058823529412
Hennur Road,1155.0,2.0,69.18,2,5989.6103896103905
Hosakerehalli,2378.0,3.0,310.0,3,13036.164844407065
Hulimavu,1011.0,2.0,38.0,2,3758.6547972304647
HSR Layout,1203.0,2.0,72.0,2,5985.037406483791
Hebbal,1645.0,3.0,113.0,3,6869.300911854103
Horamavu Agara,1364.0,2.0,50.0,3,3665.689149560117
Anekal,1200.0,1.0,36.0,2,3000.0
KR Layout,1050.0,2.0,41.0,1,3904.7619047619046
Kothanur,1365.0,3.0,66.0,3,4835.1648351648355
Jigani,1252.0,3.0,70.0,3,5591.054313099042
Jigani,1221.0,3.0,65.0,3,5323.505323505324
Panathur,1065.0,2.0,58.0,2,5446.0093896713615
Uttarahalli,1270.0,2.0,55.25,3,4350.393700787402
Sahakara Nagar,1032.0,2.0,45.0,2,4360.46511627907
Frazer Town,2900.0,4.0,325.0,4,11206.896551724138
Sector 2 HSR Layout,1515.0,2.0,69.0,3,4554.455445544554
Akshaya Vana,1427.0,2.0,52.0,2,3644.008409250175
Magadi Road,940.0,2.0,50.0,2,5319.148936170212
Medahalli,800.0,5.0,95.0,5,11875.0
Bannerghatta Road,1460.0,2.0,80.0,3,5479.45205479452
Sarjapur  Road,2275.0,4.0,175.0,3,7692.307692307692
9th Phase JP Nagar,1522.0,3.0,90.0,3,5913.272010512484
Basaveshwara Nagar Yelahanka,3210.0,4.0,380.0,3,11838.006230529594
Thanisandra,1185.0,2.0,42.67,2,3600.84388185654
1Hoysalanagar,5425.0,13.0,275.0,13,5069.124423963133
Banashankari,1800.0,3.0,125.0,3,6944.444444444444
Electronics City Phase 1,940.0,2.0,44.0,2,4680.851063829788
Andrahalli,1200.0,4.0,135.0,4,11250.0
Marathahalli,1530.0,3.0,71.0,3,4640.522875816993
Gollahalli,1050.0,2.0,48.0,2,4571.428571428572
Subramanyapura,929.0,2.0,49.0,2,5274.48869752422
Banjara Layout,3750.0,5.0,145.0,4,3866.6666666666665
Whitefield,1530.0,3.0,75.0,3,4901.9607843137255
PC Palaya,900.0,2.0,48.0,2,5333.333333333333
Vasanthapura,978.0,2.0,34.22,2,3498.9775051124743
Sathya Sai Layout,4041.0,4.0,345.0,4,8537.490720118782
Ambalipura,770.0,1.0,43.82,1,5690.909090909091
Kaval Byrasandra,1066.0,2.0,55.0,2,5159.474671669794
Electronic City,635.0,1.0,28.0,1,4409.4488188976375
Whitefield,1015.0,2.0,45.0,2,4433.4975369458125
Hebbal,1175.0,2.0,54.05,2,4600.0
Chikkabanavar,1200.0,4.0,130.0,4,10833.333333333334
Vidyaranyapura,1188.0,2.0,50.0,2,4208.754208754209
Indira Nagar,2400.0,5.0,700.0,5,29166.666666666668
Soppahalli,620.0,1.0,25.0,1,4032.2580645161293
Ejipura,1210.0,2.0,75.0,2,6198.347107438017
Attibele,1000.0,3.0,90.0,3,9000.0
Rajaji Nagar,1500.0,2.0,99.0,3,6600.0
Electronic City,1800.0,3.0,190.0,4,10555.555555555555
Thanisandra,1185.0,2.0,43.66,2,3684.3881856540083
Basavangudi,1600.0,3.0,130.0,3,8125.0
Gottigere,1100.0,2.0,28.0,2,2545.4545454545455
Yelahanka,1300.0,2.0,69.23,2,5325.384615384615
Kasavanhalli,1100.0,2.0,68.0,2,6181.818181818182
Ambalipura,860.0,2.0,28.93,2,3363.953488372093
Panathur,1007.0,2.0,64.0,2,6355.511420059583
Akshaya Nagar,1100.0,2.0,48.0,2,4363.636363636364
Whitefield,1187.0,2.0,38.0,2,3201.3479359730413
R.T. Nagar,1150.0,2.0,72.0,2,6260.869565217391
Nagavara,2400.0,3.0,252.0,3,10500.0
Aavalahalli,1180.0,2.0,41.94,2,3554.237288135593
Budigere,1820.0,3.0,85.2,3,4681.318681318681
Hennur Bande,1200.0,6.0,180.0,6,15000.0
Sector 1 HSR Layout,2400.0,6.0,775.0,3,32291.666666666668
KR Puram,3628.0,4.0,246.0,4,6780.595369349504
Kodbisanhalli,1430.0,3.0,70.0,3,4895.104895104895
Kanakpura Road,700.0,2.0,40.0,2,5714.285714285715
Kattigenahalli,1200.0,1.0,70.0,2,5833.333333333333
Old Madras Road,1165.0,2.0,40.77,2,3499.570815450644
Jalahalli,1569.0,3.0,118.0,3,7520.713830465264
Basaveshwara Nagar Yelahanka,1950.0,4.0,95.0,3,4871.794871794872
Jayanti Nagar,1200.0,3.0,70.0,2,5833.333333333333
Yelahanka New Town,2437.0,3.0,125.0,3,5129.257283545343
Marathahalli,950.0,2.0,46.7,2,4915.789473684211
Bellandur,1685.0,3.0,115.0,3,6824.925816023739
Green Glen Layout,3270.0,4.0,205.0,4,6269.113149847095
Sarjapur  Road,1314.0,2.0,110.0,2,8371.38508371385
New Gurappana Palya,1250.0,3.0,40.0,3,3200.0
Virudhu Nagar,1130.0,2.0,68.0,2,6017.699115044248
Doddakannelli,1200.0,9.0,122.0,6,10166.666666666666
Sultan Palaya,890.0,5.0,160.0,6,17977.52808988764
kamanahalli main road,857.0,3.0,95.0,3,11085.180863477246
Whitefield,2247.0,3.0,145.0,3,6453.048509123276
Marathahalli,1550.0,3.0,85.0,3,5483.870967741936
Hoodi,1715.0,2.0,100.0,3,5830.903790087464
Hennur Road,1053.0,2.0,53.0,2,5033.2383665717
Begur Road,1200.0,3.0,50.0,3,4166.666666666667
HBR Layout,1800.0,2.0,230.0,3,12777.777777777777
Chikkabanavar,2400.0,4.0,97.0,5,4041.6666666666665
Kodbisanhalli,1245.0,1.0,60.0,2,4819.277108433735
Koramangala,1320.0,2.0,160.0,2,12121.212121212122
Whitefield,3940.0,5.0,265.0,4,6725.888324873096
Thanisandra,1241.0,2.0,65.0,3,5237.711522965351
7th Phase JP Nagar,2980.0,4.0,260.0,3,8724.832214765102
7th Block Koramangala,600.0,5.0,130.0,6,21666.666666666668
Raja Rajeshwari Nagar,1090.0,2.0,57.0,2,5229.357798165138
Byrasandra,1390.0,2.0,50.0,3,3597.122302158273
Sampangi Rama Nagar,600.0,4.0,175.0,8,29166.666666666668
Jakkur Plantation,2750.0,5.0,275.0,3,10000.0
Kanakpura Road,1100.0,2.0,52.97,3,4815.454545454545
Koramangala,1350.0,2.0,103.0,2,7629.62962962963
Prakash Nagar,800.0,2.0,55.0,2,6875.0
Sarjapur  Road,1787.0,3.0,116.0,3,6491.326245103525
BTM Layout,2400.0,3.0,220.0,3,9166.666666666666
Haralur Road,3700.0,4.0,325.0,4,8783.783783783783
Sarjapur  Road,1691.0,3.0,93.01,3,5500.295683027794
Bhoganhalli,2119.0,4.0,111.0,4,5238.319962246343
Chikka Tirupathi,2325.0,3.0,95.0,3,4086.021505376344
Thyagaraja Nagar,570.0,5.0,80.0,5,14035.087719298246
Akshaya Nagar,1896.0,3.0,102.0,3,5379.7468354430375
Banashankari Stage V,1540.0,3.0,48.51,3,3150.0
Cambridge Layout,1244.0,2.0,95.0,2,7636.655948553054
Hormavu,1365.0,2.0,65.0,3,4761.9047619047615
Thanisandra,580.0,1.0,27.5,1,4741.379310344828
Hebbal,1355.0,3.0,83.87,3,6189.667896678967
Bharat Nagar,1500.0,4.0,180.0,3,12000.0
8th Phase JP Nagar,1513.0,2.0,62.0,2,4097.818902842036
Banashankari,1175.0,2.0,41.13,2,3500.4255319148942
Thanisandra,2087.0,4.0,139.0,3,6660.277910876856
Talaghattapura,2273.0,3.0,145.0,3,6379.234491860977
Thanisandra,2050.0,3.0,150.0,3,7317.073170731707
Garebhavipalya,1200.0,2.0,75.0,2,6250.0
Whitefield,1190.0,2.0,59.0,2,4957.983193277311
Kodigehalli,600.0,3.0,85.0,4,14166.666666666666
Marathahalli,1019.0,2.0,49.86,2,4893.032384690873
Thigalarapalya,1830.0,3.0,133.0,3,7267.75956284153
Channasandra,4278.0,7.0,299.0,7,6989.247311827957
Sarjapur  Road,1028.0,2.0,56.0,2,5447.470817120623
Old Madras Road,1300.0,2.0,100.0,2,7692.307692307692
Whitefield,1160.0,2.0,67.0,2,5775.862068965517
Mahadevpura,1505.0,3.0,78.0,3,5182.724252491695
Kogilu,1250.0,2.0,55.55,2,4444.0
Ramchandrapuram,400.0,2.0,50.0,1,12500.0
Sarjapur,1175.0,2.0,41.68,2,3547.2340425531916
Janatha Colony,1100.0,2.0,57.6,2,5236.363636363636
Vishwanatha Nagenahalli,2159.0,3.0,120.0,3,5558.12876331635
Devanahalli,1230.0,2.0,56.45,2,4589.430894308943
Gkvk Layout,1200.0,4.0,180.0,3,15000.0
Channasandra Layout,3100.0,6.0,165.0,5,5322.580645161291
Old Madras Road,5020.0,7.0,287.0,5,5717.131474103586
Hegganahalli,1200.0,1.0,48.0,1,4000.0
Dodsworth Layout,1340.0,2.0,71.0,2,5298.507462686567
Banashankari,1750.0,2.0,89.0,3,5085.714285714285
Banashankari Stage II,1400.0,2.0,100.0,2,7142.857142857143
Nagarbhavi,1350.0,3.0,60.0,3,4444.444444444444
RMV Extension,1675.0,3.0,62.0,3,3701.492537313433
Thanisandra,1340.0,2.0,66.33,2,4950.0
Malleshwaram,600.0,1.0,68.0,2,11333.333333333334
Hulimavu,1276.0,2.0,76.0,2,5956.112852664577
Ramagondanahalli,1738.0,2.0,76.0,3,4372.8423475258915
"Hoodi Circle, ",1190.0,2.0,59.9,2,5033.6134453781515
Electronic City,1128.0,2.0,65.45,2,5802.304964539007
Veersandra,1250.0,2.0,55.0,2,4400.0
ITI Layout,1450.0,2.0,90.0,2,6206.896551724138
Kudlu,1084.0,2.0,53.0,2,4889.29889298893
Kaggadasapura,2150.0,4.0,90.0,4,4186.046511627907
Koramangala,6000.0,4.0,625.0,4,10416.666666666666
Nagarbhavi,600.0,3.0,77.0,4,12833.333333333334
Hosur Road,1250.0,2.0,65.0,2,5200.0
Seegehalli,2400.0,4.0,240.0,3,10000.0
Begur,1304.0,3.0,65.0,3,4984.662576687117
Rajaji Nagar,1640.0,3.0,268.0,3,16341.463414634147
7th Phase JP Nagar,980.0,2.0,77.44,2,7902.040816326531
Ramanashree Enclave,1275.0,2.0,49.5,2,3882.3529411764707
"Yelahanka,MVIT college",10030.0,1.0,150.0,1,1495.5134596211367
Banjara Layout,2500.0,4.0,140.0,3,5600.0
Bidadi,3600.0,4.0,225.0,4,6250.0
Anekal,2400.0,4.0,95.0,3,3958.3333333333335
Chikku Lakshmaiah Layout,2300.0,3.0,280.0,3,12173.91304347826
Kanakpura Road,1450.0,2.0,70.18,3,4840.000000000001
Electronic City,890.0,2.0,40.0,2,4494.38202247191
Bannerghatta Road,1340.0,2.0,85.0,2,6343.2835820895525
Vidyaranyapura,1100.0,2.0,75.0,3,6818.181818181818
Kengeri,750.0,2.0,40.0,2,5333.333333333333
Basaveshwara Nagar,700.0,4.0,125.0,4,17857.14285714286
Akshaya Nagar,1300.0,2.0,66.0,2,5076.923076923077
HRBR Layout,1301.0,2.0,120.0,2,9223.674096848577
Gnana Bharathi,3200.0,8.0,130.0,9,4062.5
Pillahalli,1900.0,2.0,92.0,3,4842.105263157895
Kanakpura Road,1299.0,2.0,105.0,2,8083.140877598153
Anugrah Layout,1250.0,3.0,40.0,3,3200.0
Whitefield,1600.0,4.0,300.0,4,18750.0
Kalkere,925.0,2.0,55.0,2,5945.945945945946
Meenakunte,3900.0,3.0,250.0,3,6410.25641025641
Uttarahalli,1107.0,2.0,45.0,2,4065.040650406504
Ramesh Nagar,1400.0,2.0,160.0,2,11428.57142857143
Electronics City Phase 1,1300.0,2.0,67.0,2,5153.846153846154
Yeshwanthpur,570.0,2.0,62.0,2,10877.192982456141
Hiremath Layout,1715.0,3.0,95.0,3,5539.35860058309
Uttarahalli,1200.0,2.0,55.0,2,4583.333333333333
9th Block Jayanagar,1200.0,5.0,280.0,6,23333.333333333332
Ashok Nagar,703.0,2.0,60.0,2,8534.850640113798
Talaghattapura,921.0,2.0,29.47,2,3199.782844733985
Marathahalli,1144.0,2.0,65.0,2,5681.818181818182
Kanakpura Road,525.0,1.0,26.01,1,4954.285714285715
Suddaguntepalya,1400.0,2.0,56.0,3,4000.0
Balagere,661.0,1.0,33.0,1,4992.435703479577
Upkar Layout,1200.0,6.0,160.0,6,13333.333333333334
Kengeri Satellite Town,1200.0,5.0,70.0,5,5833.333333333333
Yelahanka,1705.0,3.0,91.0,3,5337.243401759531
Anjana Nagar,1035.0,5.0,170.0,5,16425.12077294686
Kadugodi,1430.0,2.0,55.0,3,3846.153846153846
Marathahalli,1240.0,2.0,55.0,2,4435.4838709677415
Garudachar Palya,1325.0,2.0,60.8,3,4588.679245283019
Thanisandra,1230.0,2.0,44.0,2,3577.2357723577234
Electronics City Phase 1,1000.0,2.0,28.0,2,2800.0
Gollarahatti,740.0,2.0,24.5,4,3310.810810810811
Uttarahalli,1330.0,2.0,46.45,3,3492.4812030075186
Sarjapur  Road,3005.0,5.0,275.0,4,9151.414309484193
Shivaji Nagar,1300.0,3.0,170.0,3,13076.923076923076
Haralur Road,1243.0,2.0,46.0,2,3700.7240547063557
Kengeri Satellite Town,936.0,2.0,60.84,4,6500.0
Banashankari Stage III,1500.0,2.0,100.0,3,6666.666666666667
Kodigehalli,1200.0,4.0,156.0,3,13000.0
Cox Town,1073.0,2.0,72.0,2,6710.158434296365
Kudlu,1300.0,2.0,56.0,2,4307.692307692308
Sarjapur,4201.0,4.0,435.0,4,10354.677457748156
Electronic City,1065.0,2.0,30.75,2,2887.323943661972
Whitefield,1216.0,2.0,66.88,2,5500.0
Jigani,1252.0,3.0,59.0,3,4712.460063897764
Hormavu,1196.0,2.0,44.8,2,3745.819397993311
Kudlu,1027.0,2.0,44.0,2,4284.323271665044
Padmanabhanagar,610.0,2.0,75.0,3,12295.081967213115
Poornapragna Housing Society Layout,1270.0,2.0,57.15,3,4500.0
Mico Layout,1171.0,2.0,39.0,2,3330.486763450043
Kothannur,1215.0,2.0,48.6,3,4000.0
Venkateswara Nagar,600.0,1.0,20.0,1,3333.3333333333335
Whitefield,1180.0,2.0,77.0,2,6525.423728813559
Electronic City Phase II,1160.0,2.0,33.51,2,2888.793103448276
Chikkagubbi,4382.0,4.0,400.0,4,9128.251939753538
Whitefield,2140.0,3.0,139.0,3,6495.327102803738
Yeshwanthpur,1500.0,3.0,100.0,3,6666.666666666667
Banaswadi,1008.0,2.0,52.0,2,5158.730158730159
Ambedkar Nagar,1921.0,4.0,129.0,3,6715.252472670484
Electronic City,1127.0,2.0,32.0,2,2839.396628216504
Rajaji Nagar,1621.0,3.0,124.0,3,7649.599012954966
Poornapragna Housing Society Layout,2400.0,3.0,360.0,3,15000.0
Banashankari 2 nd Stage,1030.0,2.0,77.25,3,7500.0
Whitefield,1314.0,2.0,84.0,2,6392.6940639269405
Choodasandra,1220.0,3.0,56.0,3,4590.163934426229
Banashankari Stage VI,600.0,3.0,97.0,4,16166.666666666666
JP Nagar,1590.0,2.0,85.0,3,5345.911949685535
Shivaji Nagar,703.0,2.0,49.5,2,7041.251778093883
Hosakerehalli,1795.0,3.0,64.62,3,3600.0
Gottigere,3000.0,3.0,132.0,4,4400.0
Sarjapur  Road,4395.0,4.0,242.0,4,5506.257110352673
Electronic City,825.0,2.0,35.0,2,4242.424242424242
Yelahanka,4025.0,6.0,350.0,4,8695.652173913044
Vajarahalli,1254.0,2.0,70.0,3,5582.13716108453
Ramagondanahalli,2040.0,3.0,114.0,3,5588.235294117647
Thigalarapalya,2215.0,4.0,154.0,3,6952.5959367945825
Jalahalli,1478.0,2.0,125.0,2,8457.374830852503
Malleshwaram,2475.0,4.0,337.0,3,13616.161616161617
Cambridge Layout,1669.0,3.0,298.0,3,17855.002995805873
Nagappa Reddy Layout,1820.0,3.0,79.5,3,4368.131868131868
Horamavu Agara,1623.0,3.0,89.0,3,5483.672211953173
Haralur Road,1243.0,2.0,46.0,2,3700.7240547063557
Electronic City,1200.0,2.0,40.5,2,3375.0
Gottigere,1613.0,3.0,72.0,3,4463.732176069436
Rajiv Gandhi Nagar,1293.0,2.0,80.0,2,6187.161639597834
Hoskote,1065.0,2.0,28.5,2,2676.056338028169
Kudlu Gate,940.0,2.0,69.57,2,7401.063829787233
Sarjapur  Road,1181.0,2.0,65.0,3,5503.81033022862
Malleshwaram,2215.0,3.0,275.0,3,12415.349887133183
Marathahalli,1100.0,2.0,75.0,1,6818.181818181818
MLA Layout,1050.0,2.0,36.0,2,3428.5714285714284
Subramanyapura,1260.0,2.0,75.0,3,5952.380952380952
Banashankari Stage II,2800.0,3.0,425.0,5,15178.57142857143
Dodda Banaswadi,1500.0,3.0,56.0,3,3733.3333333333335
KR Puram,1200.0,6.0,132.0,6,11000.0
Esther Enclave Layout,1000.0,2.0,66.0,2,6600.0
Whitefield,1530.0,3.0,73.0,3,4771.24183006536
HSR Layout,1140.0,2.0,46.0,2,4035.0877192982457
Dodda Nekkundi Extension,1864.0,3.0,115.0,3,6169.527896995708
Sarjapur,1575.0,3.0,55.0,3,3492.063492063492
Attibele,1200.0,3.0,105.0,3,8750.0
Raja Rajeshwari Nagar,945.0,2.0,45.0,2,4761.9047619047615
Sarjapur  Road,1691.0,3.0,100.0,3,5913.660555884092
KR Garden,1200.0,2.0,135.0,2,11250.0
Electronic City Phase II,1220.0,3.0,35.25,3,2889.344262295082
Kengeri,600.0,1.0,35.0,1,5833.333333333333
Whitefield,1160.0,2.0,39.0,2,3362.0689655172414
Dodda Nekkundi Extension,1950.0,2.0,89.5,3,4589.74358974359
Vittasandra,1650.0,3.0,85.0,3,5151.515151515152
Annapurneshwari Nagar,2400.0,4.0,150.0,4,6250.0
Abbigere,795.0,1.0,32.6,2,4100.62893081761
Raghavendra Nagar,800.0,5.0,95.0,5,11875.0
TC Palaya,1400.0,5.0,97.0,5,6928.571428571428
Kalyan nagar,2285.0,4.0,165.0,3,7221.006564551422
Haralur Road,1243.0,2.0,46.0,2,3700.7240547063557
Kammagondahalli,1263.0,2.0,51.5,2,4077.593032462391
Nanjappa Layout Vidyaranyapura,1200.0,4.0,115.0,5,9583.333333333334
Hennur,1345.0,2.0,69.0,3,5130.111524163569
D Group Employees Layout,4400.0,5.0,240.0,5,5454.545454545455
Electronic City,1360.0,2.0,58.0,3,4264.705882352941
Sarjapur  Road,1026.0,2.0,60.55,2,5901.559454191033
Alfa Garden Layout,1050.0,2.0,38.0,2,3619.0476190476193
Uttarahalli,1460.0,3.0,76.0,3,5205.479452054795
Banagiri Nagar,1525.0,2.0,91.48,3,5998.688524590164
Kanakpura Road,1843.0,3.0,85.0,3,4612.045577862181
Ananth Nagar,1000.0,2.0,25.0,2,2500.0
Koramangala,1642.0,2.0,115.0,3,7003.654080389769
TC Palaya,1200.0,2.0,66.0,3,5500.0
Austin Town,975.0,2.0,60.0,2,6153.846153846154
Bisuvanahalli,1075.0,2.0,44.0,3,4093.0232558139537
Panathur,1210.0,2.0,77.93,2,6440.495867768595
Rammana Layout,2000.0,3.0,100.0,3,5000.0
Akshaya Nagar,1225.0,2.0,68.0,2,5551.0204081632655
Jakkur,1290.0,2.0,80.04,2,6204.651162790698
Remco Bhel Layout,1220.0,2.0,56.0,2,4590.163934426229
A Narayanapura,1500.0,2.0,85.0,1,5666.666666666667
Kaggadasapura,1361.0,2.0,79.0,2,5804.555473916238
Frazer Town,2801.25,4.0,462.0,5,16492.637215528783
1st Phase JP Nagar,1394.0,2.0,85.0,2,6097.5609756097565
Yelahanka,870.0,2.0,27.0,2,3103.448275862069
Marasandra,5000.0,5.0,300.0,4,6000.0
Rajaji Nagar,1222.0,2.0,98.0,2,8019.639934533551
Hebbal,1420.0,2.0,99.39,2,6999.295774647887
Bellandur,1846.0,3.0,135.0,3,7313.109425785482
Benson Town,1688.12,2.0,270.0,2,15994.123640499492
Yeshwanthpur,1167.0,2.0,64.08,2,5491.002570694088
Ananth Nagar,902.0,2.0,25.0,2,2771.6186252771618
Kannamangala,2422.0,4.0,135.0,4,5573.905862923204
Rachenahalli,1050.0,2.0,52.5,2,5000.0
Rajapura,1000.0,2.0,50.0,2,5000.0
Kundalahalli,1260.0,2.0,58.0,2,4603.174603174603
Banashankari Stage II,3000.0,3.0,450.0,3,15000.0
Jigani,939.0,2.0,39.0,2,4153.35463258786
Konanakunte,1590.0,6.0,150.0,9,9433.962264150943
Jalahalli,600.0,1.0,37.0,1,6166.666666666667
8th Phase JP Nagar,1298.0,2.0,59.0,2,4545.454545454545
Marathahalli,1710.0,3.0,135.0,3,7894.736842105263
Subramanyapura,1000.0,2.0,45.0,2,4500.0
Ramagondanahalli,3350.0,3.0,150.0,3,4477.611940298508
Bagalakunte,1200.0,4.0,138.0,2,11500.0
RPC layout,1100.0,2.0,68.0,2,6181.818181818182
Jalahalli,615.0,1.0,46.0,1,7479.674796747968
Sarjapur  Road,1350.0,2.0,85.0,2,6296.2962962962965
Sultan Palaya,5000.0,5.0,325.0,4,6500.0
Cunningham Road,2700.0,3.0,501.0,3,18555.555555555555
Vijaya Bank Layout,4000.0,6.0,460.0,6,11500.0
Hegde Nagar,1718.0,3.0,130.0,3,7566.938300349243
7th Phase JP Nagar,1680.0,3.0,112.0,3,6666.666666666667
Hulimavu,1500.0,2.0,90.0,2,6000.0
Sarjapur  Road,1157.0,2.0,72.0,3,6222.990492653414
Akshaya Nagar,1179.0,2.0,51.0,2,4325.699745547074
Hulimavu,1315.0,2.0,60.48,2,4599.239543726236
Phase 1 Kammasandra,1105.0,2.0,28.18,2,2550.2262443438913
Banashankari,1800.0,3.0,175.0,3,9722.222222222223
Jalahalli East,1010.0,2.0,52.0,2,5148.514851485149
Electronic City,630.0,1.0,46.0,1,7301.587301587301
Anekal,1200.0,2.0,36.1,2,3008.3333333333335
Kaval Byrasandra,1025.0,2.0,60.0,2,5853.658536585366
Hennur Road,1195.0,2.0,59.0,2,4937.238493723849
Whitefield,1012.0,2.0,58.0,2,5731.225296442688
Hegde Nagar,1884.0,4.0,118.0,3,6263.2696390658175
Sarjapura - Attibele Road,1090.0,2.0,37.0,2,3394.4954128440368
Kathriguppe,1300.0,3.0,77.99,3,5999.230769230769
Amblipura,2950.0,4.0,250.0,4,8474.57627118644
Harlur,1710.0,3.0,85.0,3,4970.7602339181285
Uttarahalli,1500.0,3.0,68.0,3,4533.333333333333
Kodichikkanahalli,1310.0,2.0,53.0,3,4045.8015267175574
Dommasandra,674.0,1.0,19.9,2,2952.522255192878
Hoodi,1350.0,3.0,70.0,3,5185.185185185185
Hennur Gardens,1464.0,2.0,115.0,3,7855.191256830601
Marsur,715.0,2.0,29.0,3,4055.944055944056
Electronic City,1400.0,2.0,40.45,3,2889.2857142857147
Electronic City Phase II,1625.0,2.0,48.75,3,3000.0
Electronic City,1065.0,2.0,30.76,2,2888.262910798122
Kumaraswami Layout,510.0,4.0,70.0,6,13725.490196078432
HMT Layout,1385.0,3.0,90.0,3,6498.194945848375
CV Raman Nagar,1040.0,2.0,50.0,2,4807.692307692308
Haralur Road,1817.0,3.0,110.0,3,6053.935057787562
Volagerekallahalli,1205.0,2.0,47.0,2,3900.414937759336
Volagerekallahalli,1070.0,2.0,33.43,2,3124.299065420561
Kodathi,1070.0,2.0,52.0,2,4859.813084112149
Amruthahalli,1340.0,2.0,75.0,2,5597.014925373134
Kalena Agrahara,980.0,2.0,35.0,2,3571.4285714285716
8th Phase JP Nagar,1006.0,2.0,44.0,2,4373.75745526839
Thanisandra,1098.0,2.0,71.0,2,6466.302367941712
Mico Layout,1200.0,2.0,53.5,2,4458.333333333333
Thigalarapalya,4190.0,4.0,325.0,4,7756.563245823389
Sarjapur  Road,1019.0,2.0,62.0,2,6084.396467124632
Whitefield,1150.0,2.0,40.21,2,3496.521739130435
Anekal,1733.5,3.0,120.0,3,6922.411306605134
Yeshwanthpur Industrial Suburb,1415.0,2.0,120.0,2,8480.565371024735
"Electronic city Phase 1, ",1750.0,3.0,58.0,3,3314.285714285714
Raja Rajeshwari Nagara,1537.0,3.0,81.0,3,5270.006506180872
Chennappa Layout,1050.0,2.0,45.0,2,4285.714285714285
Kanakpura Road,1452.0,3.0,55.6,3,3829.2011019283746
Domlur,1246.0,2.0,95.0,2,7624.398073836276
Yelahanka,1890.0,4.0,85.0,3,4497.354497354498
Electronic City Phase II,972.0,2.0,40.0,2,4115.22633744856
5th Block Jayanagar,10624.0,4.0,2340.0,4,22025.602409638555
Brookefield,1500.0,5.0,160.0,4,10666.666666666666
Electronic City,630.0,1.0,33.7,1,5349.20634920635
Kothanur,1050.0,5.0,80.0,8,7619.047619047619
Shingapura,1255.0,2.0,60.0,3,4780.876494023904
Ramamurthy Nagar,1900.0,4.0,185.0,4,9736.842105263158
Doddaballapur,2440.0,3.0,142.0,3,5819.672131147541
Kanakpura Road,1938.0,3.0,92.69,3,4782.765737874097
Bannerghatta Road,1711.0,3.0,125.0,3,7305.669199298656
Nagarbhavi,1200.0,4.0,240.0,5,20000.0
CV Raman Nagar,1392.0,2.0,95.0,2,6824.712643678161
Haralur Road,1225.0,2.0,77.0,2,6285.714285714285
Sarjapur  Road,3418.0,3.0,235.0,4,6875.365710942071
Green Glen Layout,1750.0,3.0,120.0,3,6857.142857142857
Subramanyapura,1260.0,2.0,80.0,3,6349.206349206349
Sarjapur  Road,691.0,1.0,31.1,1,4500.723589001447
BTM 2nd Stage,2400.0,3.0,400.0,4,16666.666666666668
Haralur Road,1285.0,2.0,78.0,2,6070.038910505837
Hebbal,1590.0,3.0,96.0,3,6037.735849056604
9th Phase JP Nagar,1571.0,3.0,65.0,3,4137.492043284532
Hebbal Kempapura,2800.0,5.0,220.0,5,7857.142857142857
Garudachar Palya,1060.0,2.0,48.66,2,4590.566037735849
Hennur,1255.0,2.0,58.0,2,4621.5139442231075
Govindapura,702.0,4.0,65.0,4,9259.25925925926
Lal Bahadur Shastri Nagar,2400.0,2.0,185.0,3,7708.333333333333
Bannerghatta Road,1520.0,2.0,81.0,3,5328.9473684210525
Gollahalli,1170.0,2.0,45.51,2,3889.74358974359
OMBR Layout,1580.0,3.0,75.0,3,4746.835443037975
Ardendale,1777.26,3.0,89.0,3,5007.7084950991975
Raja Rajeshwari Nagar,1303.0,2.0,55.78,2,4280.890253261704
Kodichikkanahalli,1680.0,2.0,59.0,2,3511.904761904762
Whitefield,1495.0,2.0,70.0,3,4682.274247491639
Yelahanka,1835.0,3.0,108.0,3,5885.558583106267
Banjara Layout,610.0,3.0,60.0,3,9836.065573770491
Nagawara Junction,1080.0,2.0,38.0,2,3518.5185185185187
Electronic City,1025.0,2.0,29.61,2,2888.7804878048782
Haralur Road,1225.0,2.0,67.48,2,5508.571428571428
Balagere,656.0,1.0,34.77,1,5300.304878048782
Sarjapur  Road,994.0,2.0,45.0,2,4527.162977867203
Thirupalya,1025.0,2.0,65.0,2,6341.463414634146
Marathahalli,1156.0,2.0,52.0,2,4498.269896193771
JP Nagar,1250.0,2.0,60.0,2,4800.0
Kundalahalli,3092.0,4.0,230.0,4,7438.551099611902
Hegde Nagar,1930.0,4.0,122.0,3,6321.243523316062
New Thippasandra,1020.0,2.0,70.0,2,6862.745098039216
Kumaraswami Layout,1310.0,2.0,70.0,3,5343.511450381679
Jalahalli,612.5,1.0,27.565,1,4500.408163265306
Kanakpura Road,1322.0,2.0,70.0,2,5295.00756429652
Kothanur,1160.0,2.0,57.0,2,4913.793103448276
5th Block Hbr Layout,1100.0,2.0,48.0,2,4363.636363636364
Lakshminarayana Pura,1720.0,3.0,150.0,3,8720.93023255814
Hosur Road,1689.0,3.0,103.0,3,6098.283007696862
Chikkalasandra,1090.0,2.0,47.42,2,4350.45871559633
KR Puram,2000.0,2.0,75.0,2,3750.0
Venugopal Reddy Layout,1155.0,2.0,69.0,2,5974.025974025974
Vishveshwarya Layout,4000.0,6.0,230.0,6,5750.0
Sarjapur  Road,3913.0,5.0,176.0,4,4497.827753641707
Hebbal,3520.0,5.0,320.0,3,9090.90909090909
JP Nagar,1125.0,2.0,39.98,2,3553.7777777777774
Yelahanka,1847.0,3.0,92.0,3,4981.050351922036
7th Phase JP Nagar,1515.0,2.0,76.0,3,5016.501650165016
Raja Rajeshwari Nagar,3450.0,7.0,225.0,8,6521.739130434783
Yelahanka,2500.0,3.0,120.0,5,4800.0
Sarjapur  Road,1130.0,2.0,55.0,2,4867.256637168141
Bellandur,1049.0,2.0,51.0,2,4861.773117254528
Amruthahalli,2650.0,4.0,175.0,3,6603.773584905661
Varthur Road,850.0,2.0,25.4,2,2988.235294117647
Badavala Nagar,1842.0,3.0,115.0,3,6243.213897937025
Govindaraja Nagar Ward,2600.0,5.0,370.0,5,14230.76923076923
Jakkur,1282.0,2.0,72.0,2,5616.224648985959
Kalena Agrahara,800.0,2.0,40.0,2,5000.0
Gidada Konnenahalli,1200.0,4.0,240.0,4,20000.0
Chandapura,1190.0,2.0,30.35,3,2550.4201680672268
Magadi Road,1318.0,2.0,68.0,3,5159.332321699545
Kanakpura Road,1698.0,2.0,105.0,2,6183.745583038869
Jayanagar,2030.0,2.0,182.0,3,8965.51724137931
Kammasandra,1276.0,2.0,31.9,3,2500.0
Shikaripalya,1555.0,2.0,67.0,3,4308.681672025724
Sarjapur  Road,1881.0,3.0,145.0,3,7708.665603402445
frazertown,2900.0,3.0,325.0,3,11206.896551724138
Yelahanka,1890.0,3.0,109.0,3,5767.195767195767
M V Extenstion,900.0,5.0,135.0,5,15000.0
Old Madras Road,935.0,2.0,32.0,2,3422.4598930481284
Cox Town,1000.0,2.0,58.0,2,5800.0
Singasandra,1510.0,3.0,75.0,3,4966.887417218543
Uttarahalli,1120.0,2.0,50.0,2,4464.285714285715
Ananth Nagar,930.0,2.0,25.99,2,2794.6236559139784
Electronic City,1160.0,2.0,42.0,3,3620.689655172414
Raja Rajeshwari Nagar,1419.0,2.0,48.1,2,3389.7110641296686
Talaghattapura,1175.0,2.0,62.0,2,5276.595744680851
Bellandur,1350.0,2.0,63.0,3,4666.666666666667
Malleshwaram,2215.0,3.0,330.0,3,14898.419864559819
Attibele,996.0,2.0,24.9,2,2500.0
Anjanapura,1076.0,2.0,30.13,2,2800.185873605948
Off Bannergatta road,2180.0,4.0,115.0,4,5275.229357798165
Kasavanhalli,1715.0,3.0,112.0,3,6530.6122448979595
Hebbal,1072.0,2.0,45.0,2,4197.761194029851
Panathur,1230.0,2.0,80.0,2,6504.065040650406
Murugeshpalya,1600.0,2.0,65.0,3,4062.5
Thanisandra,1411.0,3.0,93.25,3,6608.788093550674
Rayasandra,3600.0,5.0,145.0,5,4027.777777777778
Jalahalli,2404.0,3.0,138.0,3,5740.432612312812
Sahakara Nagar,1200.0,4.0,190.0,4,15833.333333333334
Nagarbhavi,1200.0,3.0,226.0,3,18833.333333333332
Doddathoguru,1208.0,3.0,45.0,3,3725.1655629139073
Yeshwanthpur,1700.0,5.0,300.0,5,17647.058823529413
Haralur Road,1225.0,2.0,69.84,2,5701.224489795918
Hebbal,1162.0,2.0,69.0,2,5938.037865748709
Thanisandra,1262.0,2.0,65.0,3,5150.5546751188585
Konanakunte Cross,1050.0,2.0,35.0,2,3333.3333333333335
Electronic City Phase II,1160.0,2.0,33.51,2,2888.793103448276
Channasandra,1500.0,3.0,61.95,3,4130.0
Vaderahalli,1610.0,3.0,85.0,3,5279.503105590062
Whitefield,1340.0,2.0,41.0,2,3059.7014925373132
Sarjapur  Road,2275.0,4.0,182.0,3,8000.0
Budigere,1162.0,2.0,58.0,2,4991.394148020654
Manorayana Palya,1500.0,2.0,145.0,2,9666.666666666666
Hiremath Layout,3150.0,3.0,135.0,4,4285.714285714285
Hosa Road,1170.0,2.0,65.0,2,5555.555555555556
Sarjapur  Road,980.0,2.0,25.0,2,2551.0204081632655
Channasandra,1800.0,3.0,60.0,3,3333.3333333333335
Banashankari Stage VI,1423.0,2.0,71.73,3,5040.758959943781
Kaggadasapura,1106.0,2.0,40.0,2,3616.6365280289333
Kereguddadahalli,1105.0,2.0,27.6,2,2497.737556561086
Cunningham Road,7500.0,6.0,1800.0,4,24000.0
Tirumanahalli,1255.0,2.0,56.7,2,4517.92828685259
Sarjapur  Road,1525.0,2.0,65.0,3,4262.295081967213
Babusapalaya,1061.0,2.0,38.95,2,3671.065032987748
Hoskote near,600.0,2.0,29.5,2,4916.666666666667
Electronic City Phase II,1400.0,2.0,40.45,3,2889.2857142857147
Domlur,2100.0,3.0,145.0,3,6904.761904761905
Electronic City,660.0,1.0,16.5,2,2500.0
Kengeri,633.0,1.0,18.0,2,2843.6018957345973
Indira Nagar,1260.0,2.0,120.0,2,9523.809523809523
ITPL,907.0,2.0,55.43,2,6111.35611907387
Hennur Road,2047.0,3.0,67.55,3,3299.9511480214946
"Haralur Road, ",2597.0,4.0,189.0,4,7277.628032345014
Bellandur,1211.0,2.0,63.0,2,5202.312138728324
Hennur Road,1904.0,3.0,129.0,3,6775.210084033613
Balagere,1205.0,2.0,73.87,2,6130.290456431535
Yeshwanthpur,1164.0,2.0,64.08,2,5505.154639175258
Mahaganapathy Nagar,1410.0,2.0,73.0,2,5177.304964539007
Green View Layout,1150.0,2.0,42.0,2,3652.1739130434785
Udayapur Village,1170.0,2.0,53.11,2,4539.316239316239
Hennur,1420.0,2.0,62.0,2,4366.197183098591
Panathur,1125.0,2.0,45.0,2,4000.0
NRI Layout,1789.0,3.0,75.0,3,4192.286193404137
Hulimavu,1021.0,2.0,76.0,2,7443.682664054848
Ananth Nagar,1074.0,2.0,26.85,2,2500.0
Kalena Agrahara,1222.0,2.0,48.0,2,3927.986906710311
Hennur Road,1981.0,3.0,134.0,3,6764.260474507824
Yelachenahalli,1103.0,2.0,55.0,2,4986.400725294651
Adugodi,1201.0,2.0,65.0,2,5412.156536219817
Sarjapur  Road,970.0,2.0,36.0,2,3711.340206185567
Sarjapur,920.0,2.0,33.0,2,3586.9565217391305
Yeshwanthpur,1520.0,3.0,85.0,3,5592.105263157895
Chikkathoguru,675.0,3.0,75.0,3,11111.111111111111
Sonnenahalli,1268.0,2.0,75.0,3,5914.826498422713
Thippasandra,660.0,1.0,30.0,1,4545.454545454545
Harlur,1755.0,3.0,115.0,3,6552.706552706552
Hoskote,945.0,2.0,35.0,2,3703.703703703704
8th Phase JP Nagar,500.0,1.0,33.0,1,6600.0
Harlur,2820.0,4.0,153.5,4,5443.262411347518
Bommenahalli,1632.0,3.0,140.0,4,8578.43137254902
Rachenahalli,1167.0,2.0,37.5,2,3213.367609254499
Domlur,1276.0,2.0,80.0,2,6269.592476489028
Thanisandra,1234.0,2.0,51.0,2,4132.90113452188
Lakshminarayana Pura,1180.0,2.0,75.0,2,6355.932203389831
ISRO Layout,1370.0,2.0,87.0,3,6350.36496350365
Chandapura,1015.0,2.0,25.88,2,2549.753694581281
RK Colony,1200.0,9.0,230.0,9,19166.666666666668
Electronic City,1400.0,3.0,90.0,3,6428.571428571428
Whitefield,1500.0,6.0,155.0,5,10333.333333333334
Bagalakunte,1050.0,2.0,40.0,2,3809.5238095238096
Ramagondanahalli,1251.0,2.0,46.0,2,3677.0583533173462
Yeshwanthpur,1677.0,3.0,92.13,3,5493.738819320215
Sarjapur  Road,1346.0,2.0,67.38,2,5005.94353640416
Electronic City Phase II,1090.0,2.0,31.48,2,2888.0733944954127
2nd Stage Nagarbhavi,1200.0,4.0,240.0,5,20000.0
Kanakapura,1290.0,2.0,51.1,3,3961.2403100775196
Rajaji Nagar,7514.0,7.0,1500.0,5,19962.736225712004
Sarjapur  Road,1881.0,3.0,145.0,3,7708.665603402445
Garudachar Palya,1150.0,2.0,52.0,2,4521.739130434783
Sarjapur,2690.0,3.0,295.0,3,10966.542750929368
Kanakpura Road,1200.0,2.0,42.0,3,3500.0
Dairy Circle,2735.0,4.0,340.0,3,12431.44424131627
Austin Town,950.0,2.0,65.0,2,6842.105263157895
Bommasandra Industrial Area,1491.0,3.0,40.5,3,2716.2977867203217
Ramamurthy Nagar,1050.0,2.0,51.66,2,4920.0
Hoodi,1660.0,3.0,131.0,3,7891.566265060241
Nagavarapalya,1134.0,2.0,55.0,2,4850.088183421517
Hebbal,1100.0,2.0,60.0,2,5454.545454545455
Magadi Road,800.0,4.0,60.0,4,7500.0
Anekal,1200.0,2.0,36.1,2,3008.3333333333335
Nagarbhavi,1200.0,4.0,240.0,4,20000.0
kg halli jalhalli west,980.0,3.0,80.0,3,8163.265306122449
Vasatha Vallbha Nagar,1080.0,2.0,37.8,2,3499.9999999999995
CV Raman Nagar,705.0,2.0,50.0,1,7092.198581560284
BAGUR ROAD,1200.0,2.0,35.0,3,2916.6666666666665
Anandapura,1200.0,2.0,50.0,2,4166.666666666667
Talaghattapura,1804.0,3.0,127.0,3,7039.911308203991
Sidedahalli,750.0,2.0,20.0,2,2666.6666666666665
Shanti Nagar,420.0,1.0,25.0,2,5952.380952380952
Malleshwaram,2800.0,4.0,252.0,4,9000.0
Battarahalli,1090.0,2.0,38.37,2,3520.1834862385317
R.T. Nagar,1500.0,2.0,230.0,2,15333.333333333334
Electronic City,1287.0,3.0,55.0,3,4273.504273504273
Thigalarapalya,2215.0,4.0,157.0,3,7088.03611738149
Kadubeesanahalli,2800.0,4.0,375.0,4,13392.857142857143
Sarjapur  Road,1045.0,2.0,42.15,2,4033.492822966507
Hormavu,1263.0,2.0,47.36,2,3749.802058590657
Whitefield,1431.0,3.0,85.0,3,5939.902166317261
Dommasandra,999.0,2.0,32.9,2,3293.293293293293
Vittasandra,1650.0,3.0,85.5,3,5181.818181818182
Lavakusha Nagar,1535.0,3.0,72.0,3,4690.553745928339
Marathahalli,2524.0,5.0,180.0,4,7131.537242472266
Kanakpura Road,1300.0,3.0,69.0,3,5307.692307692308
1st Block HRBR Layout,600.0,3.0,125.0,3,20833.333333333332
7th Phase JP Nagar,2095.0,3.0,150.0,3,7159.904534606205
Yelahanka New Town,284.0,1.0,8.0,1,2816.9014084507044
Ananth Nagar,500.0,1.0,14.0,1,2800.0
Nallurhalli,1265.0,2.0,68.0,2,5375.494071146245
Kudlu Gate,1215.0,2.0,44.96,2,3700.411522633745
Yelahanka New Town,2200.0,2.0,180.0,2,8181.818181818182
Electronics City Phase 1,1028.0,2.0,51.0,2,4961.089494163424
Hegde Nagar,1835.0,2.0,92.0,3,5013.623978201635
Munnekollal,1800.0,3.0,65.0,3,3611.1111111111113
1st Phase JP Nagar,2077.0,3.0,175.0,3,8425.613866153106
Sarjapur  Road,2880.0,3.0,211.0,4,7326.388888888889
Balepet,499.0,5.0,89.0,6,17835.67134268537
Dasanapura,708.0,2.0,31.15,2,4399.717514124294
Basavangudi,1200.0,2.0,120.0,2,10000.0
Hosakerehalli,925.0,2.0,46.25,2,5000.0
Bannerghatta Road,2826.0,3.0,148.0,3,5237.0842179759375
Kanakpura Road,458.0,1.0,33.66,1,7349.344978165938
Annasandrapalya,3500.0,4.0,150.0,4,4285.714285714285
Bileshivale,5400.0,4.0,250.0,4,4629.62962962963
9th Block Jayanagar,1000.0,5.0,200.0,4,20000.0
Amruthahalli,1450.0,2.0,90.0,3,6206.896551724138
Kasavanhalli,1100.0,2.0,65.0,2,5909.090909090909
Kadubeesanahalli,1185.0,2.0,55.0,2,4641.350210970464
9th Phase JP Nagar,1900.0,4.0,80.0,4,4210.526315789473
TC Palaya,1200.0,2.0,70.0,2,5833.333333333333
Shettigere,660.0,1.0,35.0,1,5303.030303030303
Ambedkar Nagar,1920.0,4.0,121.0,3,6302.083333333333
Jalahalli,1200.0,2.0,130.0,2,10833.333333333334
1st Phase JP Nagar,4550.0,2.0,240.0,4,5274.725274725275
Bhoganhalli,1205.0,2.0,68.32,2,5669.709543568464
Haralur Road,1200.0,2.0,46.0,2,3833.3333333333335
Akshaya Nagar,1421.0,2.0,73.0,3,5137.227304714989
6th Phase JP Nagar,1250.0,3.0,48.9,3,3912.0
Whitefield,524.0,1.0,29.0,1,5534.3511450381675
HSR Layout,4200.0,5.0,245.0,5,5833.333333333333
Thubarahalli,1540.0,3.0,90.0,3,5844.1558441558445
Sarjapur  Road,984.0,2.0,45.91,2,4665.650406504065
Rachenahalli,985.0,2.0,50.17,2,5093.401015228426
Whitefield,2830.0,4.0,161.0,4,5689.04593639576
Byrasandra,1140.0,2.0,60.0,2,5263.1578947368425
5th Block Hbr Layout,3600.0,5.0,130.0,5,3611.1111111111113
Begur Road,1410.0,2.0,44.42,3,3150.354609929078
Raja Rajeshwari Nagar,1700.0,2.0,86.0,3,5058.823529411765
Devanahalli,1360.0,2.0,62.425,2,4590.073529411765
Electronic City,1800.0,3.0,700.0,4,38888.88888888889
Dasarahalli,1333.0,2.0,86.65,2,6500.375093773443
Electronic City,1258.0,2.0,85.5,2,6796.502384737679
Dodda Nekkundi Extension,1458.0,2.0,87.0,3,5967.078189300411
Electronic City,1386.0,2.0,85.0,2,6132.7561327561325
Electronic City Phase II,1140.0,2.0,32.92,2,2887.719298245614
 Electronic City,550.0,1.0,27.0,1,4909.090909090909
Lakshminarayana Pura,1200.0,2.0,83.0,2,6916.666666666667
Belathur,1081.0,2.0,39.0,2,3607.7705827937093
Whitefield,2135.0,3.0,149.0,4,6978.922716627635
Whitefield,2500.0,4.0,100.0,4,4000.0
Pampa Extension,1178.0,2.0,80.0,2,6791.171477079796
 Devarachikkanahalli,991.0,2.0,40.0,2,4036.326942482341
Gottigere,1493.0,2.0,90.0,3,6028.131279303416
Subramanyapura,2495.0,3.0,130.0,3,5210.420841683367
Kammasandra,1080.0,2.0,31.99,2,2962.037037037037
Dasanapura,814.0,2.0,53.0,2,6511.056511056511
Electronic City,1025.0,2.0,50.0,2,4878.048780487805
Bannerghatta Road,1115.0,2.0,61.0,2,5470.85201793722
Whitefield,3075.0,2.0,188.0,4,6113.821138211382
RMC YARD,1900.0,3.0,162.0,7,8526.315789473685
Whitefield,1760.0,3.0,160.0,3,9090.90909090909
Attur Layout,4000.0,8.0,150.0,7,3750.0
Marathahalli,3090.0,4.0,350.0,4,11326.860841423948
Varsova Layout,2700.0,4.0,295.0,4,10925.925925925925
Hanumanth Nagar,1175.0,2.0,52.86,2,4498.723404255319
Hebbal,4235.0,5.0,364.0,4,8595.04132231405
KR Puram,1100.0,2.0,45.0,2,4090.909090909091
Banashankari Stage VI,1200.0,7.0,175.0,8,14583.333333333334
Banashankari,1450.0,2.0,50.75,2,3500.0
6th Phase JP Nagar,1810.0,3.0,131.0,3,7237.5690607734805
Gunjur Palya,1426.0,2.0,71.0,3,4978.962131837307
Sector 7 HSR Layout,2400.0,2.0,195.0,3,8125.0
Kalyan nagar,1100.0,2.0,70.0,2,6363.636363636364
Electronic City Phase II,650.0,1.0,35.0,1,5384.615384615385
Old Madras Road,1350.0,3.0,47.25,3,3500.0
Kaikondrahalli,900.0,2.0,27.0,2,3000.0
Billekahalli,1360.0,2.0,110.0,2,8088.235294117647
Yeshwanthpur,674.0,1.0,36.85,1,5467.359050445104
Whitefield,1655.0,3.0,110.0,3,6646.525679758308
Cholanayakanahalli,1300.0,2.0,95.0,2,7307.692307692308
"Panathur Road, ",936.0,1.0,53.0,1,5662.393162393162
Kaverappa Layout,1277.0,2.0,92.0,2,7204.385277995301
Gkvk Layout,1200.0,2.0,54.0,2,4500.0
Hormavu,1015.0,2.0,39.08,2,3850.246305418719
Budigere,1153.0,2.0,60.0,2,5203.816131830009
Kengeri,1035.0,2.0,51.5,2,4975.84541062802
KR Puram,3300.0,3.0,255.0,5,7727.272727272727
Uttarahalli,1150.0,2.0,46.0,2,4000.0
Malleshwaram,1020.0,2.0,80.0,2,7843.137254901961
Old Madras Road,3715.0,6.0,212.5,4,5720.053835800808
8th Phase JP Nagar,1160.0,2.0,95.0,2,8189.6551724137935
Bisuvanahalli,1075.0,2.0,31.0,3,2883.720930232558
Brookefield,1225.0,2.0,72.0,2,5877.551020408163
Benson Town,5000.0,5.0,950.0,4,19000.0
Vivek Nagar,1600.0,2.0,160.0,2,10000.0
Malleshwaram,600.0,1.0,90.0,2,15000.0
Nagappa Reddy Layout,1350.0,3.0,60.0,3,4444.444444444444
Kanakpura Road,1300.0,3.0,69.0,3,5307.692307692308
Channasandra,830.0,2.0,36.28,2,4371.084337349397
Hennur Road,1155.0,2.0,69.18,2,5989.6103896103905
Sarakki Nagar,3126.0,5.0,345.0,4,11036.468330134358
Jalahalli,905.0,2.0,55.0,2,6077.348066298343
Vijayanagar,1375.0,2.0,75.0,3,5454.545454545455
Electronic City,1140.0,2.0,33.84,2,2968.421052631579
Hormavu,1550.0,2.0,60.0,3,3870.967741935484
Kannamangala,957.0,2.0,55.0,2,5747.126436781609
9th Phase JP Nagar,890.0,2.0,45.0,2,5056.179775280899
KR Puram,3000.0,4.0,235.0,4,7833.333333333333
Electronic City,1070.0,2.0,55.0,2,5140.186915887851
Bendiganahalli,2400.0,5.0,150.0,5,6250.0
Domlur Layout,2400.0,4.0,595.0,4,24791.666666666668
Rachenahalli,925.0,2.0,37.0,2,4000.0
Kammasandra,1415.0,2.0,60.0,2,4240.282685512368
Mylasandra,500.0,2.0,80.0,1,16000.0
Thanisandra,1225.0,2.0,37.0,2,3020.408163265306
Hennur Road,2000.0,4.0,90.0,4,4500.0
Whitefield,840.0,1.0,57.0,1,6785.714285714285
Banashankari Stage III,1560.0,9.0,200.0,9,12820.51282051282
Thanisandra,1732.0,3.0,112.0,3,6466.512702078522
Parappana Agrahara,1200.0,1.0,45.0,1,3750.0
Bhoganhalli,1260.0,2.0,69.9,2,5547.619047619049
Doddanakundi Industrial Area 2,1092.0,2.0,49.0,2,4487.179487179487
Kachanayakanahalli,827.0,2.0,34.0,2,4111.24546553809
Horamavu Banaswadi,1357.0,2.0,54.0,2,3979.3662490788506
Chamrajpet,650.0,1.0,40.0,2,6153.846153846154
7th Phase JP Nagar,1370.0,2.0,54.79,3,3999.2700729927005
Whitefield,1725.0,3.0,106.0,3,6144.927536231884
Jalahalli,1000.0,2.0,70.0,2,7000.0
TC Palaya,1350.0,1.0,55.0,1,4074.074074074074
7th Phase JP Nagar,3200.0,4.0,350.0,4,10937.5
Bellandur,1717.0,3.0,110.0,3,6406.523005241701
Kanakpura Road,700.0,2.0,34.0,2,4857.142857142857
Shanthi Pura,800.0,2.0,32.0,2,4000.0
Rajaji Nagar,2367.0,4.0,340.0,3,14364.17405999155
Sonnenahalli,1415.0,2.0,65.0,3,4593.639575971732
7th Phase JP Nagar,1976.0,3.0,145.0,3,7338.056680161943
Kambipura,883.0,2.0,37.01,2,4191.392978482446
Yelahanka,700.0,1.0,38.0,1,5428.571428571428
Sarjapur,1445.0,3.0,50.0,3,3460.2076124567475
Battarahalli,2082.0,3.0,104.0,3,4995.1969260326605
HSR Layout,1140.0,2.0,46.0,2,4035.0877192982457
Thanisandra,933.0,2.0,66.0,2,7073.954983922829
NRI Layout,800.0,5.0,95.5,4,11937.5
Electronic City Phase II,1155.0,2.0,57.0,2,4935.064935064935
Whitefield,1130.0,2.0,36.0,2,3185.8407079646017
Bannerghatta,1200.0,2.0,73.2,2,6100.0
Basaveshwara Nagar Yelahanka,1055.0,2.0,43.0,2,4075.829383886256
Rajaji Nagar,1555.0,3.0,125.0,3,8038.585209003216
Bellandur,1420.0,3.0,62.0,3,4366.197183098591
Viviani Road,2214.0,3.0,350.0,3,15808.491418247515
Devanahalli,658.0,1.0,26.91,1,4089.665653495441
Bhoganhalli,896.9,2.0,78.74,2,8779.128107927305
Giri Nagar,4000.0,3.0,750.0,4,18750.0
KR Puram,1035.0,2.0,40.0,2,3864.7342995169083
Whitefield,2064.0,5.0,225.0,4,10901.162790697674
Keshava Nagar,1839.0,3.0,160.0,3,8700.380641653072
Begur Road,1200.0,2.0,44.0,2,3666.6666666666665
Yelahanka New Town,488.0,1.0,20.0,1,4098.360655737705
Banashankari Stage II,1200.0,2.0,198.0,3,16500.0
Sampangirama Nagar,2760.0,5.0,140.0,5,5072.463768115942
Gunjur Palya,993.0,2.0,42.0,2,4229.607250755287
Hoodi,1225.0,2.0,45.0,2,3673.469387755102
TC Palaya,900.0,2.0,55.0,2,6111.111111111111
Electronic City,1200.0,13.0,150.0,9,12500.0
Sompura,825.0,2.0,32.0,2,3878.787878787879
Bellandur,3596.0,4.0,359.0,4,9983.314794215796
Hosahalli Extension,1350.0,4.0,203.0,6,15037.037037037036
Electronic City Phase II,1800.0,3.0,92.0,3,5111.111111111111
Shankarapuram,925.0,2.0,100.0,2,10810.81081081081
Kanakpura Road,1167.0,2.0,63.0,2,5398.457583547558
Sarjapur,1150.0,2.0,41.0,2,3565.217391304348
Byatarayanapura,650.0,1.0,50.0,1,7692.307692307692
Sarjapur  Road,675.0,1.0,27.0,1,4000.0
Doctor Layout Rayasandra,2260.0,3.0,90.0,2,3982.3008849557523
Anwar Layout,720.0,1.0,32.39,1,4498.611111111111
Whitefield,4800.0,4.0,600.0,3,12500.0
Yelahanka New Town,1100.0,2.0,58.0,2,5272.727272727273
Pillanna Gardens,550.0,1.0,20.0,2,3636.3636363636365
Uttarahalli,1330.0,2.0,58.0,3,4360.902255639097
Koramangala,1320.0,2.0,160.0,2,12121.212121212122
Ulsoor,1685.0,4.0,185.0,3,10979.228486646884
Ullal Uppanagar,2400.0,5.0,75.0,6,3125.0
Banashankari,1770.0,3.0,108.0,3,6101.6949152542375
Prithvi Layout,2100.0,3.0,125.0,3,5952.380952380952
Pai Layout,1000.0,2.0,42.0,2,4200.0
Banashankari Stage VI,600.0,5.0,105.0,4,17500.0
Ramamurthy Nagar,2916.0,5.0,230.0,4,7887.517146776406
Kanakpura Road,1419.59,2.0,65.0,3,4578.786832817927
Kodihalli,1400.0,3.0,81.0,3,5785.714285714285
Horamavu Agara,750.0,2.0,37.49,2,4998.666666666667
Bannerghatta,1070.0,2.0,87.0,2,8130.841121495327
Kannamangala,1536.0,3.0,107.0,3,6966.145833333333
Koramangala,1710.0,3.0,210.0,3,12280.701754385966
JP Nagar,2400.0,3.0,196.0,3,8166.666666666667
Electronic City,1342.0,2.0,72.0,2,5365.126676602086
Chandra Layout,1600.0,3.0,130.0,3,8125.0
Kanakapura,938.0,1.0,50.0,1,5330.490405117271
Budigere,1820.0,3.0,99.0,3,5439.56043956044
Bhoganhalli,2439.0,4.0,170.0,4,6970.069700697007
Kanakpura Road,1665.0,3.0,78.0,3,4684.684684684685
Basavangudi,1850.0,3.0,150.0,3,8108.108108108108
Bommanahalli,1091.0,2.0,40.0,2,3666.3611365719526
Sarjapur  Road,1346.0,2.0,74.03,2,5500.0
Rajaji Nagar,1720.0,3.0,224.0,3,13023.255813953489
Brookefield,3675.0,4.0,176.0,4,4789.115646258503
JP Nagar,1060.0,2.0,33.95,2,3202.8301886792456
Whitefield,1059.0,2.0,57.0,2,5382.43626062323
Hebbal,1299.0,2.0,97.0,2,7467.282525019245
Yelahanka,1491.0,3.0,85.0,3,5700.871898054997
Basaveshwara Nagar,1200.0,2.0,85.0,2,7083.333333333333
Yelahanka,2088.0,5.0,110.0,4,5268.199233716475
Hulimavu,581.0,1.0,29.0,1,4991.394148020654
 Devarabeesana Halli,1296.0,2.0,70.0,2,5401.234567901234
Doctors Layout,1125.0,2.0,55.0,2,4888.888888888889
Electronic City,1275.0,3.0,70.0,3,5490.196078431372
Kothanur,1095.0,2.0,55.0,2,5022.83105022831
Sarjapur  Road,10000.0,4.0,975.0,5,9750.0
Old Madras Road,1330.0,2.0,74.0,2,5563.909774436091
Marathahalli,1135.0,2.0,60.0,2,5286.343612334802
Whitefield,516.0,1.0,39.0,1,7558.139534883721
Doddanakundi Industrial Area 2,1194.0,2.0,51.0,2,4271.356783919598
Banaswadi,2250.0,5.0,240.0,5,10666.666666666666
Electronic City,770.0,1.0,38.0,2,4935.064935064935
Sarjapur  Road,3930.0,5.0,330.0,4,8396.946564885497
Chikkalasandra,1355.0,3.0,54.2,3,4000.0
Abbigere,3000.0,8.0,150.0,8,5000.0
Harlur,2569.0,4.0,175.0,4,6811.989100817439
Hebbal,3758.0,4.0,450.0,4,11974.454497072911
Whitefield,1116.0,2.0,51.91,2,4651.433691756272
Bhoganhalli,1707.0,3.0,115.0,3,6736.965436438196
AECS LAYOUT A-BLOCK Singasandra,1200.0,5.0,225.0,5,18750.0
Sultan Palaya,1070.0,2.0,49.0,2,4579.439252336449
Whitefield,6000.0,4.0,410.0,4,6833.333333333333
Tumkur Road,1240.0,2.0,83.0,3,6693.548387096775
JP Nagar,1300.0,2.0,91.65,2,7050.0
Ambalipura,1700.0,2.0,76.0,2,4470.588235294118
Yeshwanthpur,1383.0,2.0,76.18,3,5508.315256688359
Banashankari Stage I,3000.0,4.0,170.0,5,5666.666666666667
Electronic City,1200.0,2.0,34.65,2,2887.5
Hulimavu,935.0,2.0,45.0,2,4812.834224598931
Thigalarapalya,2072.0,4.0,151.0,3,7287.644787644787
Ramanjaneyanagar,2200.0,3.0,225.0,4,10227.272727272728
Jalahalli,615.0,1.0,46.0,1,7479.674796747968
KR Puram,1116.0,2.0,45.0,2,4032.2580645161293
Whitefield,1639.0,3.0,107.0,3,6528.370957901159
Marathahalli,1839.0,3.0,130.0,3,7069.0592713431215
Byatarayanapura,1300.0,2.0,63.0,2,4846.153846153846
Horamavu Agara,625.0,1.0,27.0,1,4320.0
Thanisandra,933.0,1.0,61.0,1,6538.049303322615
Hosur Road,2289.0,3.0,180.0,3,7863.695937090432
Ramamurthy Nagar,2316.0,3.0,125.0,3,5397.2366148531955
Electronic City,1005.0,2.0,39.77,2,3957.213930348259
Horamavu Agara,1080.0,2.0,38.0,2,3518.5185185185187
Munnekollal,1200.0,5.0,185.0,7,15416.666666666666
Vishwapriya Layout,910.0,2.0,36.0,2,3956.043956043956
Hormavu,1200.0,2.0,73.0,2,6083.333333333333
Electronic City,1110.0,2.0,39.9,2,3594.5945945945946
Kothanur,1142.0,2.0,56.0,2,4903.6777583187395
2nd Stage Nagarbhavi,4000.0,4.0,240.0,5,6000.0
Hormavu,1800.0,3.0,204.0,3,11333.333333333334
AECS Layout,1005.0,2.0,55.0,2,5472.636815920398
3rd Block Banashankari,1626.6,3.0,133.0,3,8176.564613303824
Kothanur,1074.0,2.0,54.0,2,5027.932960893855
Basavangudi,1230.0,2.0,80.0,2,6504.065040650406
Electronic City,660.0,1.0,23.0,2,3484.848484848485
Coconut Grove Layout,1007.0,2.0,48.0,2,4766.633565044687
2nd Block Hrbr Layout,1050.0,6.0,74.0,4,7047.619047619048
Whitefield,1820.0,3.0,113.0,3,6208.791208791209
Basapura,1100.0,2.0,60.0,2,5454.545454545455
Anjappa Layout,1348.0,2.0,100.0,2,7418.39762611276
Kasavanhalli,1230.0,2.0,66.25,2,5386.178861788618
Horamavu Agara,1176.0,2.0,37.62,3,3198.9795918367345
Uttarahalli,1590.0,3.0,57.0,3,3584.9056603773583
Frazer Town,1200.0,2.0,78.0,2,6500.0
"Off Sarjapur Road, ",1298.0,2.0,65.0,2,5007.704160246533
Hosa Road,1161.0,2.0,55.15,2,4750.215331610681
Himagiri Meadows,1350.0,4.0,175.0,4,12962.962962962964
4th Block HBR Layout,1200.0,5.0,138.0,5,11500.0
Kothanur,1285.0,2.0,60.0,2,4669.260700389105
Electronic City,1644.0,3.0,92.59,3,5631.995133819952
Kasavanhalli,1819.0,3.0,150.0,3,8246.289169873557
1st Phase JP Nagar,1205.0,2.0,85.0,2,7053.941908713693
Basavangudi,2350.0,3.0,300.0,3,12765.95744680851
Uttarahalli,1050.0,2.0,42.0,2,4000.0
Raja Rajeshwari Nagar,1270.0,2.0,62.0,2,4881.889763779527
9th Phase JP Nagar,1240.0,2.0,39.89,3,3216.935483870968
Jigani,1221.0,3.0,70.0,3,5733.005733005733
Hoysalanagar,840.0,2.0,35.0,3,4166.666666666667
Kanakpura Road,1339.0,2.0,63.0,2,4705.003734129948
Thigalarapalya,4303.0,5.0,300.0,4,6971.880083662561
Haralur Road,1315.0,2.0,85.0,2,6463.878326996198
Raja Rajeshwari Nagar,1250.0,2.0,68.0,2,5440.0
Bisuvanahalli,850.0,2.0,27.0,2,3176.470588235294
7th Phase JP Nagar,1600.0,2.0,110.0,3,6875.0
Electronic City,1250.0,2.0,62.0,2,4960.0
Motappa Layout,1312.0,2.0,56.5,3,4306.40243902439
Kadugodi,3000.0,4.0,134.0,4,4466.666666666667
Electronic City Phase II,1300.0,2.0,28.0,2,2153.846153846154
Whitefield,1990.0,3.0,98.0,3,4924.62311557789
Medahalli,760.0,2.0,38.5,2,5065.789473684211
Ambedkar Nagar,5000.0,4.0,536.0,4,10720.0
Kadugodi,1614.0,2.0,59.0,3,3655.5142503097895
Judicial Layout,1500.0,3.0,162.0,4,10800.0
Basava Nagar,1182.0,2.0,60.1,3,5084.602368866328
Avalahalli,1053.0,2.0,46.29,2,4396.011396011396
6th Phase JP Nagar,750.0,1.0,105.0,1,14000.0
Gubbalala,2000.0,3.0,125.0,3,6250.0
Electronic City Phase II,1940.0,4.0,116.0,3,5979.381443298969
Hennur Road,1590.0,3.0,105.0,3,6603.773584905661
Chennammana Kere,1035.0,2.0,52.79,2,5100.48309178744
Kothanur,1075.0,2.0,53.0,2,4930.232558139535
TC Palaya,900.0,2.0,55.0,2,6111.111111111111
Raja Rajeshwari Nagar,1260.0,2.0,62.0,3,4920.6349206349205
Prashanth Nagar,1200.0,5.0,260.0,6,21666.666666666668
Thanisandra,1702.0,3.0,107.0,3,6286.721504112808
Bisuvanahalli,1080.0,2.0,65.0,3,6018.518518518518
Kasavanhalli,1189.0,2.0,45.0,2,3784.6930193439866
Tumkur Road,1035.0,2.0,39.0,2,3768.1159420289855
Hennur Road,1200.0,2.0,36.0,2,3000.0
Mahalakshmi Layout,4482.0,6.0,852.0,8,19009.37081659973
Michael Palaya,1200.0,3.0,200.0,3,16666.666666666668
Kanakpura Road,1300.0,3.0,69.0,3,5307.692307692308
Yelahanka,1330.0,2.0,93.65,2,7041.353383458647
Kaggalipura,1210.0,2.0,65.0,3,5371.900826446281
Chikkalasandra,1350.0,2.0,54.2,3,4014.814814814815
Kaval Byrasandra,1900.0,2.0,65.0,3,3421.0526315789475
Ambedkar Nagar,1935.0,4.0,125.0,3,6459.948320413437
Doddanakundi Industrial Area 2,1410.0,3.0,90.0,3,6382.978723404255
Narayanapura,1469.0,2.0,99.14,2,6748.8087134104835
Varthur,986.0,2.0,30.0,2,3042.5963488843813
RBI Layout,1460.0,2.0,87.0,3,5958.904109589041
Chandra Layout,1260.0,2.0,85.05,3,6750.0
Chandapura,1345.0,2.0,39.5,3,2936.8029739776953
Panathur,980.0,2.0,57.0,2,5816.326530612245
Kudlu Gate,1164.0,2.0,75.0,2,6443.298969072165
Subramanyapura,929.0,1.0,51.0,2,5489.773950484392
Kundalahalli,1065.0,2.0,70.0,2,6572.769953051643
Budigere,1172.0,2.0,56.725,2,4840.017064846416
Lakshmiamma Garden,3000.0,3.0,265.0,3,8833.333333333334
Electronic City,1020.0,2.0,30.27,2,2967.6470588235293
Gunjur,1362.0,3.0,62.63,3,4598.384728340676
Yeshwanthpur,672.0,1.0,36.85,1,5483.630952380952
Brookefield,1746.0,3.0,115.0,3,6586.483390607102
Electronic City,1025.0,2.0,29.6,2,2887.8048780487807
Harlur,1532.0,2.0,65.0,2,4242.819843342037
Guni Agrahara,1200.0,2.0,120.0,3,10000.0
Ganga Nagar,1250.0,2.0,65.0,2,5200.0
Thanisandra,1188.0,2.0,39.0,2,3282.8282828282827
Whitefield,3565.0,4.0,218.0,4,6115.007012622721
Marathahalli,1170.0,2.0,85.0,2,7264.957264957265
BEL Road,1800.0,3.0,150.0,3,8333.333333333334
Madavara,1000.0,2.0,35.0,2,3500.0
Cooke Town,2600.0,3.0,375.0,3,14423.076923076924
Nagarbhavi,1200.0,4.0,240.0,5,20000.0
Kasturi Nagar,2507.0,4.0,155.0,4,6182.688472277623
Babusapalaya,1061.0,2.0,34.0,2,3204.5240339302545
KR Puram,1290.0,2.0,69.0,2,5348.837209302325
Sarjapur,1200.0,2.0,42.6,2,3550.0
Bharathi Nagar,1120.0,2.0,39.29,2,3508.035714285714
Electronic City,418.0,1.0,12.0,1,2870.813397129187
Sarjapur,1333.0,3.0,50.0,3,3750.9377344336085
Sarjapur  Road,1691.0,3.0,119.0,3,7037.25606150207
Thanisandra,747.0,1.0,34.355,1,4599.062918340026
Koramangala,1700.0,3.0,250.0,3,14705.882352941177
Thanisandra,2030.0,4.0,125.0,3,6157.635467980295
Balagere,1012.0,2.0,70.0,2,6916.99604743083
Kudlu,1245.0,2.0,60.0,3,4819.277108433735
7th Phase JP Nagar,1765.0,3.0,118.0,3,6685.552407932011
Gottigere,1110.0,2.0,36.25,2,3265.765765765766
Akash Nagar,967.0,2.0,47.8,2,4943.1230610134435
Sarjapur,1044.0,2.0,36.0,2,3448.2758620689656
Brookefield,1518.0,3.0,80.0,3,5270.092226613966
KR Puram,1300.0,2.0,57.0,3,4384.615384615385
Seetharampalya,1798.0,3.0,73.0,3,4060.066740823137
KR Puram,866.28,2.0,36.38,2,4199.565960197628
Whitefield,3410.0,5.0,253.0,4,7419.354838709677
Singasandra,1179.0,2.0,56.0,2,4749.787955894826
Rajaji Nagar,3600.0,5.0,510.0,5,14166.666666666666
Uttarahalli,1125.0,2.0,48.0,2,4266.666666666667
Cambridge Layout,2098.0,3.0,210.0,3,10009.532888465204
3rd Phase JP Nagar,2400.0,3.0,270.0,3,11250.0
Haralur Road,1976.0,3.0,92.0,3,4655.87044534413
5th Phase JP Nagar,1190.0,2.0,61.8,2,5193.27731092437
cooketown,1800.0,3.0,192.0,3,10666.666666666666
Jakkur,1761.0,3.0,84.52,3,4799.545712663259
Cooke Town,1700.0,3.0,120.0,3,7058.823529411765
Ramamurthy Nagar,900.0,4.0,70.0,4,7777.777777777777
Electronic City,1128.0,2.0,64.8,2,5744.68085106383
5th Stage BEML Layout,2000.0,3.0,85.0,3,4250.0
Electronic City,1220.0,2.0,35.25,3,2889.344262295082
Shauhardha Layout,509.0,1.0,20.0,1,3929.2730844793714
Ambedkar Nagar,1852.0,4.0,122.0,3,6587.473002159827
Varthur,1045.0,2.0,40.65,2,3889.9521531100477
Kaverappa Layout,3535.0,4.0,215.0,4,6082.036775106082
Marathahalli,1102.0,2.0,53.67,2,4870.235934664247
Omkar Nagar,1800.0,3.0,82.0,4,4555.555555555556
Hebbal Kempapura,1436.0,2.0,75.0,3,5222.841225626741
Chikkadunnasandra,1397.0,2.0,52.0,3,3722.2619899785254
Kothanur,1140.0,2.0,56.0,2,4912.2807017543855
Balagere,645.0,1.0,55.0,1,8527.131782945737
Bank Of Baroda Colony,2350.0,5.0,325.0,5,13829.787234042553
Nagarbhavi,1200.0,3.0,225.0,3,18750.0
Bhoopsandra,2050.0,3.0,135.0,3,6585.365853658536
Sarjapur  Road,1335.0,2.0,95.0,2,7116.104868913858
Thirumenahalli,2100.0,1.0,200.0,2,9523.809523809523
Hebbal,1255.0,3.0,77.68,3,6189.641434262949
Thanisandra,1140.0,2.0,59.0,2,5175.438596491228
Hosakerehalli,2376.0,3.0,240.0,3,10101.0101010101
Thanisandra,663.0,1.0,46.0,1,6938.15987933635
Victoria Layout,1276.0,2.0,146.0,2,11442.006269592477
Kanakpura Road,1450.0,3.0,60.9,3,4200.0
Kodichikkanahalli,1400.0,3.0,66.0,3,4714.285714285715
Divya Unnathi Layout,1339.0,2.0,53.56,2,4000.0
Electronic City,1220.0,2.0,35.23,3,2887.7049180327863
Malleshwaram,2200.0,3.0,275.0,3,12500.0
Harohalli,1305.0,2.0,52.0,2,3984.6743295019155
Green Glen Layout,1740.0,3.0,80.0,3,4597.701149425287
Anekal,680.0,1.0,21.0,2,3088.235294117647
Bannerghatta Road,1154.0,2.0,47.0,2,4072.790294627383
Munnekollal,1200.0,2.0,40.0,2,3333.3333333333335
Hennur,1155.0,2.0,54.5,2,4718.614718614718
Sarjapur  Road,1525.0,2.0,63.0,3,4131.147540983607
Giri Nagar,600.0,1.0,125.0,1,20833.333333333332
Hebbal,2470.0,5.0,192.0,4,7773.27935222672
Padmanabhanagar,1100.0,2.0,60.0,2,5454.545454545455
Hormavu,1250.0,2.0,65.0,2,5200.0
Kothanur,1400.0,2.0,70.0,2,5000.0
Ittamadu,1600.0,3.0,100.0,3,6250.0
Electronic City,1060.0,2.0,55.0,2,5188.679245283019
Horamavu Banaswadi,1272.0,2.0,50.0,2,3930.817610062893
Kanakpura Road,1296.0,2.0,105.0,2,8101.851851851852
Dollars Colony,2100.0,3.0,280.0,4,13333.333333333334
Karuna Nagar,1945.0,3.0,115.0,3,5912.596401028278
Chandapura,1033.0,2.0,30.47,3,2949.6611810261375
Stage-4 Bommanahalli,2300.0,2.0,69.0,3,3000.0
Gunjur Palya,1235.0,2.0,52.76,2,4272.064777327935
3rd Block Koramangala,2100.0,3.0,270.0,3,12857.142857142857
2nd Phase JP Nagar,850.0,2.0,42.5,2,5000.0
Subramanyapura,1880.0,3.0,110.0,3,5851.063829787234
1st Block Jayanagar,2450.0,4.0,368.0,4,15020.408163265307
Kenchenahalli,1060.0,2.0,52.0,2,4905.66037735849
Hennur Road,2041.0,3.0,138.0,3,6761.391474767271
Hulimavu,1050.0,2.0,125.0,2,11904.761904761905
Vasanthapura,1037.0,2.0,36.28,2,3498.553519768563
"Electronic city phase 1, ",1150.0,2.0,39.0,2,3391.304347826087
LB Shastri Nagar,1184.0,2.0,62.0,2,5236.486486486487
Sarjapur  Road,1680.0,3.0,126.0,3,7500.0
Thanisandra,1411.0,3.0,100.0,3,7087.172218284904
Hosa Road,900.0,5.0,55.0,5,6111.111111111111
Kanakpura Road,900.0,2.0,41.0,2,4555.555555555556
Jakkur Plantation,3500.0,4.0,320.0,4,9142.857142857143
Thanisandra,1702.0,3.0,120.0,3,7050.5287896592245
Yelahanka,1185.0,2.0,45.0,2,3797.46835443038
Kanakpura Road,1300.0,3.0,64.0,3,4923.076923076923
Lavakusha Nagar,1545.0,3.0,65.0,3,4207.119741100324
6th Phase JP Nagar,1515.0,2.0,135.0,3,8910.89108910891
Jigani,1300.0,3.0,55.0,3,4230.7692307692305
JP Nagar,1107.0,2.0,57.0,2,5149.051490514905
Old Madras Road,1720.0,3.0,106.0,3,6162.790697674419
Kuvempu Nagar,1540.0,3.0,150.0,3,9740.25974025974
Bannerghatta Road,1000.0,2.0,44.5,2,4450.0
Electronic City,710.0,1.0,40.42,1,5692.957746478874
Thanisandra,1100.0,2.0,38.0,2,3454.5454545454545
Sri Balaji Krupa Layout,3200.0,4.0,270.0,4,8437.5
Domlur Layout,900.0,2.0,160.0,2,17777.777777777777
Bannerghatta Road,1250.0,2.0,48.0,2,3840.0
Kaggadasapura,2400.0,4.0,130.0,5,5416.666666666667
Hegde Nagar,1584.01,3.0,104.0,3,6565.615116066187
Vasanth nagar,875.0,4.0,150.0,4,17142.85714285714
Kammasandra,1200.0,6.0,60.0,4,5000.0
Kaggadasapura,1485.0,2.0,70.0,3,4713.804713804714
Hennur Road,1100.0,2.0,78.0,3,7090.909090909091
8th Phase JP Nagar,1245.0,2.0,59.0,2,4738.955823293173
Hennur Road,1880.0,4.0,154.0,4,8191.489361702128
Frazer Town,2214.0,3.0,350.0,3,15808.491418247515
Anathanagar,1050.0,2.0,45.0,2,4285.714285714285
Vishveshwarya Layout,600.0,4.0,95.0,4,15833.333333333334
Bannerghatta Road,1640.0,3.0,105.0,3,6402.4390243902435
Basavanapura,1165.0,2.0,65.0,2,5579.399141630901
Kengeri Satellite Town,1110.0,2.0,43.0,2,3873.873873873874
vinayakanagar,1200.0,5.0,200.0,7,16666.666666666668
St. John's Road,4000.0,4.0,630.0,4,15750.0
Uttarahalli,4500.0,4.0,150.0,4,3333.3333333333335
Jaraganahalli Jp Nagar Post,600.0,4.0,65.0,4,10833.333333333334
Haralur Road,1300.0,2.0,75.0,2,5769.2307692307695
adigondanhalli,1200.0,1.0,42.0,2,3500.0
Hennur Road,1232.0,2.0,69.61,2,5650.162337662337
Jalahalli,1704.0,3.0,94.36,3,5537.55868544601
7th Phase JP Nagar,1275.0,2.0,88.0,3,6901.9607843137255
Sarjapur  Road,1222.0,2.0,68.0,3,5564.648117839607
Varthur,1155.0,2.0,39.0,2,3376.6233766233768
Electronic City,1000.0,2.0,29.95,2,2995.0
Horamavu Banaswadi,1200.0,2.0,45.0,2,3750.0
Yelahanka,1517.0,3.0,71.28,3,4698.7475280158205
Horamavu Agara,1166.0,2.0,37.29,2,3198.1132075471696
Electronic City,870.0,2.0,24.0,2,2758.6206896551726
5th Phase JP Nagar,4000.0,5.0,170.0,5,4250.0
Rajaji Nagar,1350.0,4.0,230.0,4,17037.037037037036
Yelahanka,3019.0,6.0,190.0,4,6293.474660483604
Whitefield,1345.0,3.0,58.0,3,4312.267657992565
Dommasandra,900.0,3.0,75.0,3,8333.333333333334
EPIP Zone,3800.0,5.0,170.0,4,4473.684210526316
Chandapura,971.0,2.0,38.0,3,3913.491246138002
Hennur,1255.0,2.0,52.32,2,4168.924302788844
EPIP Zone,1810.0,2.0,65.0,2,3591.160220994475
"Whitefield, ",1300.0,2.0,58.0,2,4461.538461538462
Thanisandra,1185.0,2.0,45.0,2,3797.46835443038
Pattandur Agrahara,1350.0,2.0,68.0,2,5037.037037037037
Budigere,1590.0,3.0,76.16,3,4789.937106918239
Thyagaraja Nagar,3000.0,6.0,180.0,7,6000.0
Brookefield,1560.0,3.0,149.0,4,9551.28205128205
Somasundara Palya,1650.0,3.0,126.0,3,7636.363636363636
Off Bannergatta Road,1645.0,3.0,87.0,3,5288.753799392097
Hennur Road,1748.0,3.0,103.0,3,5892.448512585813
Channasandra,1200.0,3.0,67.77,3,5647.5
Kengeri Satellite Town,1170.0,2.0,50.0,2,4273.504273504273
Sarjapur  Road,3420.0,4.0,225.0,4,6578.9473684210525
Hulimavu,1320.0,2.0,65.0,3,4924.242424242424
Bhoganhalli,1610.0,3.0,84.53,3,5250.310559006211
Frazer Town,1870.0,3.0,180.0,3,9625.668449197861
Sarjapur  Road,1510.0,2.0,110.0,3,7284.76821192053
Kammagondahalli,2700.0,7.0,110.0,6,4074.074074074074
Kanakapura  Rod,1305.0,2.0,45.68,3,3500.383141762452
Mahadevpura,1500.0,2.0,70.0,3,4666.666666666667
Indira Nagar,1149.0,2.0,130.0,2,11314.186248912098
Thanisandra,1948.0,4.0,129.0,4,6622.17659137577
Margondanahalli,1448.0,3.0,70.0,3,4834.254143646409
Sarjapur  Road,1242.0,2.0,78.0,2,6280.193236714976
Sonnenahalli,1268.0,2.0,58.0,2,4574.132492113565
Ramamurthy Nagar,1101.0,2.0,50.0,2,4541.326067211626
Kallumantapa,1255.0,2.0,65.0,2,5179.282868525896
Gunjur,1362.0,3.0,62.63,3,4598.384728340676
Sarjapur  Road,984.0,3.0,140.0,3,14227.642276422765
Hosa Road,1089.0,2.0,32.67,2,3000.0
Byrathi Village,800.0,1.0,95.0,2,11875.0
Uttarahalli,1345.0,2.0,57.0,3,4237.918215613383
Thanisandra,3600.0,9.0,125.0,8,3472.222222222222
Krishna Nagar,1650.0,2.0,140.0,4,8484.848484848484
Kaggalipura,950.0,2.0,45.0,2,4736.8421052631575
HBR Layout,1068.0,2.0,43.0,2,4026.2172284644193
Yelahanka New Town,860.0,1.0,31.0,2,3604.6511627906975
Kengeri,3000.0,5.0,130.0,8,4333.333333333333
Yelahanka,1756.0,3.0,66.73,3,3800.113895216401
Whitefield,1205.0,2.0,41.0,2,3402.4896265560164
Hoodi,1120.0,8.0,155.0,8,13839.285714285714
Banashankari,1800.0,3.0,125.0,3,6944.444444444444
Ashok Nagar,8321.0,5.0,2912.0,4,34995.79377478668
Hormavu,1604.0,3.0,68.0,3,4239.401496259352
Old Airport Road,2732.0,4.0,204.0,4,7467.0571010248905
Chandapura,1015.0,2.0,25.88,2,2549.753694581281
Banashankari,1200.0,2.0,42.0,3,3500.0
Ananth Nagar,1010.0,2.0,38.0,2,3762.3762376237623
Nagarbhavi,1250.0,3.0,170.0,2,13600.0
Doddakallasandra,1010.0,2.0,41.0,2,4059.4059405940593
Yelahanka,1050.0,2.0,33.1,2,3152.3809523809523
Harlur,1710.0,3.0,85.0,3,4970.7602339181285
Mysore Road,1248.52,3.0,115.0,3,9210.90571236344
Attibele,410.0,1.0,10.0,1,2439.0243902439024
Bannerghatta Road,1656.0,2.0,62.93,3,3800.1207729468597
Naganathapura,1451.0,3.0,68.0,3,4686.423156443831
Giri Nagar,1200.0,3.0,175.0,6,14583.333333333334
JP Nagar,1250.0,2.0,93.0,2,7440.0
Meenakunte,4395.0,3.0,240.0,3,5460.750853242321
Hebbal,4600.0,6.0,650.0,4,14130.434782608696
Sonnenahalli,1340.0,2.0,42.0,3,3134.3283582089553
Abbaiah Reddy Layout,1100.0,2.0,38.5,2,3500.0
Whitefield,6000.0,6.0,700.0,4,11666.666666666666
 Devarachikkanahalli,1700.0,3.0,71.0,3,4176.470588235294
Yelahanka,1200.0,5.0,150.0,6,12500.0
KR Puram,1096.0,2.0,43.0,2,3923.3576642335765
Electronic City Phase II,1160.0,2.0,33.5,2,2887.9310344827586
"Sarjapur Road, ",1936.0,3.0,139.0,3,7179.752066115702
Nehru Nagar,1269.0,2.0,63.0,3,4964.5390070921985
Richmond Road,3500.0,3.0,630.0,3,18000.0
Panathur,1586.0,3.0,125.0,3,7881.462799495586
Rajaji Nagar,1376.0,2.0,124.0,2,9011.627906976744
Kanakpura Road,1452.0,3.0,56.5,3,3891.184573002755
Hosa Road,1538.0,3.0,107.0,3,6957.087126137842
Hosur Road,1427.0,2.0,130.0,3,9110.021023125439
Upadhyaya Layout,935.0,2.0,40.0,2,4278.07486631016
Ashwath Nagar,1220.0,2.0,65.0,2,5327.868852459016
Harlur,1197.0,2.0,77.0,2,6432.748538011696
Varthur,674.0,1.0,19.9,2,2952.522255192878
Kengeri,410.0,1.0,15.0,1,3658.5365853658536
Thanisandra,1573.0,3.0,90.0,3,5721.551176096631
Dodda Nekkundi,1135.0,2.0,58.0,2,5110.132158590309
Huskur,1400.0,2.0,40.43,3,2887.8571428571427
Agrahara Dasarahalli,1200.0,1.0,65.0,1,5416.666666666667
Ittamadu,1800.0,3.0,95.0,3,5277.777777777777
Avalahalli,2045.0,3.0,108.0,3,5281.173594132029
Sonnenahalli,1268.0,2.0,56.0,2,4416.403785488959
Kambipura,883.0,2.0,39.0,2,4416.761041902605
Yelahanka,1600.0,3.0,100.0,3,6250.0
Thanisandra,1056.0,2.0,70.0,2,6628.787878787879
Jigani,1200.0,11.0,105.0,10,8750.0
Whitefield,4500.0,4.0,330.0,4,7333.333333333333
KR Puram,1204.0,2.0,58.0,2,4817.275747508305
Tejaswini Nagar,1410.0,2.0,54.0,3,3829.7872340425533
Hennur Road,1460.0,2.0,80.3,2,5500.0
Dodda Nekkundi,1100.0,2.0,41.18,2,3743.6363636363635
Govindapura,1310.0,2.0,88.0,2,6717.557251908397
Sector 2 HSR Layout,1600.0,3.0,90.0,3,5625.0
Lottegolla Halli,1250.0,2.0,55.0,2,4400.0
Sarjapur  Road,1665.0,3.0,74.93,3,4500.3003003003005
Uttarahalli,1345.0,2.0,57.0,3,4237.918215613383
Hosahalli Extension,2000.0,5.0,240.0,5,12000.0
Singasandra,1416.0,2.0,67.0,2,4731.6384180790965
HSR Layout,1145.0,2.0,46.0,2,4017.467248908297
Munnekollal,7200.0,10.0,200.0,10,2777.777777777778
Jigani,1231.0,3.0,58.0,3,4711.6165718927705
Yelahanka,1664.0,3.0,73.95,3,4444.110576923077
TC Palaya,2000.0,3.0,76.0,3,3800.0
Rajiv Nagar,972.0,2.0,43.0,2,4423.868312757201
3rd Phase JP Nagar,4500.0,4.0,345.0,4,7666.666666666667
Bellandur,1185.0,2.0,47.39,2,3999.15611814346
Green Glen Layout,1750.0,3.0,81.0,3,4628.571428571428
Byadarahalli,3155.0,4.0,316.0,3,10015.847860538826
Balagere,1007.0,2.0,68.0,2,6752.730883813307
Rajaji Nagar,1700.0,3.0,200.0,3,11764.70588235294
Whitefield,1250.0,2.0,85.0,2,6800.0
Telecom Layout,1200.0,2.0,54.0,2,4500.0
Horamavu Agara,994.0,2.0,42.28,2,4253.521126760564
Ramamurthy Nagar,1150.0,2.0,40.0,2,3478.2608695652175
Thanisandra,1220.0,2.0,46.0,2,3770.4918032786886
Hennur Gardens,1441.0,2.0,115.0,2,7980.569049271339
Old Madras Road,1157.0,2.0,47.32,2,4089.887640449438
RPC layout,1300.0,6.0,150.0,6,11538.461538461539
Thigalarapalya,1400.0,2.0,105.0,2,7500.0
Tindlu,1370.07,3.0,65.0,3,4744.283138817725
Magadi Road,1200.0,4.0,130.0,5,10833.333333333334
Judicial Layout,900.0,2.0,40.0,2,4444.444444444444
Kodipalya,418.0,1.0,17.0,1,4066.9856459330144
Vishwapriya Nagar,1200.0,3.0,80.0,3,6666.666666666667
ISRO Layout,1200.0,2.0,43.0,2,3583.3333333333335
Talaghattapura,1062.0,2.0,42.48,2,4000.0
Kanakpura Road,1120.0,2.0,51.0,2,4553.571428571428
Bannerghatta Road,1012.0,2.0,44.0,2,4347.826086956522
Postal Colony,1500.0,2.0,200.0,3,13333.333333333334
ISRO Layout,950.0,4.0,180.0,4,18947.36842105263
Kadabagere,675.0,2.0,13.5,2,2000.0
Kanakpura Road,1430.0,2.0,78.0,2,5454.545454545455
Channasandra,1195.0,2.0,56.0,3,4686.192468619247
Old Madras Road,2640.0,5.0,150.0,3,5681.818181818182
Bisuvanahalli,1075.0,2.0,42.0,3,3906.9767441860463
Hennur Road,1570.0,3.0,75.99,3,4840.127388535031
Kammanahalli,782.0,4.0,85.0,6,10869.565217391304
Sonnenahalli,1011.0,2.0,59.0,2,5835.806132542038
7th Phase JP Nagar,1450.0,2.0,102.0,3,7034.482758620689
Sarjapur  Road,1129.0,2.0,69.0,2,6111.603188662533
Sarjapura - Attibele Road,1126.0,2.0,36.0,2,3197.158081705151
Attibele,1200.0,3.0,110.0,3,9166.666666666666
Sarjapur  Road,1180.0,2.0,45.0,3,3813.5593220338983
1st Block HRBR Layout,600.0,4.0,125.0,3,20833.333333333332
Bannerghatta,940.0,4.0,45.0,4,4787.234042553191
Hennur Road,1933.0,3.0,140.0,3,7242.628039317124
TC Palaya,1082.0,2.0,64.0,2,5914.972273567468
LB Shastri Nagar,2400.0,8.0,250.0,8,10416.666666666666
Anwar Layout,610.0,1.0,28.0,1,4590.163934426229
Raja Rajeshwari Nagar,1560.0,4.0,160.0,4,10256.410256410256
Kathriguppe,1300.0,3.0,77.99,3,5999.230769230769
Kudlu Gate,3850.0,6.0,205.0,4,5324.675324675325
CV Raman Nagar,1125.0,2.0,46.0,2,4088.8888888888887
Bileshivale,2400.0,7.0,107.0,6,4458.333333333333
Kengeri Satellite Town,777.4,2.0,25.0,2,3215.8476974530486
Battarahalli,2500.0,3.0,65.0,4,2600.0
Old Airport Road,1798.0,3.0,150.0,3,8342.602892102335
Dodda Nekkundi Extension,1864.0,3.0,120.0,3,6437.768240343347
Whitefield,1115.0,2.0,51.91,2,4655.605381165919
Kengeri,400.0,1.0,25.0,1,6250.0
Rajaji Nagar,1200.0,2.0,70.0,2,5833.333333333333
Ananth Nagar,992.0,2.0,24.8,2,2500.0
Jakkasandra Extension,950.0,2.0,57.0,2,6000.0
R.T. Nagar,1500.0,4.0,185.0,4,12333.333333333334
Bellandur,1200.0,2.0,62.0,2,5166.666666666667
GM Palaya,1735.0,3.0,70.0,3,4034.5821325648417
BTM 2nd Stage,1750.0,3.0,172.0,3,9828.57142857143
HSR Layout,1009.0,2.0,56.0,2,5550.049554013875
Jalahalli,1470.0,2.0,102.0,3,6938.775510204082
Bannerghatta Road,1527.0,3.0,115.0,3,7531.106745252128
Singapura Village,985.0,2.0,45.0,2,4568.527918781726
Chandapura,3300.0,4.0,135.0,4,4090.909090909091
Whitefield,1277.0,2.0,77.0,2,6029.757243539546
Nallurhalli,1100.0,2.0,62.0,2,5636.363636363636
Whitefield,1820.0,3.0,140.0,3,7692.307692307692
Puttanahalli,1530.0,3.0,87.0,4,5686.274509803921
Banashankari,1886.0,3.0,205.0,3,10869.565217391304
Chandra Layout,1200.0,2.0,190.0,3,15833.333333333334
Jakkur,1880.0,4.0,110.0,3,5851.063829787234
Hennur,1255.0,2.0,52.35,2,4171.314741035857
Kanakpura Road,700.0,2.0,36.0,2,5142.857142857143
Somasundara Palya,1140.0,2.0,46.0,2,4035.0877192982457
Electronic City Phase II,1025.0,2.0,29.6,2,2887.8048780487807
Whitefield,3453.0,4.0,247.0,4,7153.200115841298
Uttarahalli,1490.0,2.0,59.6,3,4000.0
Akshaya Vana,1200.0,4.0,165.0,4,13750.0
Sarjapur  Road,1850.0,3.0,140.0,3,7567.5675675675675
Kaikondrahalli,1250.0,2.0,78.0,2,6240.0
Kamakya Layout,2400.0,3.0,108.0,4,4500.0
Kodihalli,3522.0,5.0,716.0,4,20329.358319136853
Jalahalli,1244.0,2.0,88.0,2,7073.954983922829
Kumaraswami Layout,623.0,4.0,75.0,4,12038.52327447833
Kengeri Satellite Town,1025.0,2.0,28.57,2,2787.317073170732
Sarjapur  Road,1034.0,2.0,38.0,2,3675.0483558994197
Kengeri Satellite Town,1191.0,2.0,33.34,3,2799.3282955499585
Kasavanhalli,1719.0,3.0,71.0,3,4130.308318789994
7th Phase JP Nagar,1035.0,2.0,39.33,2,3800.0
2nd Stage Nagarbhavi,1500.0,3.0,230.0,4,15333.333333333334
Hosa Road,1470.0,2.0,84.22,3,5729.251700680272
Yelahanka,1140.0,2.0,50.66,2,4443.859649122807
Harlur,1752.12,3.0,125.0,3,7134.214551514737
BTM 1st Stage,600.0,6.0,80.0,6,13333.333333333334
2nd Stage Nagarbhavi,600.0,3.0,84.0,4,14000.0
Old Madras Road,2990.0,3.0,170.0,3,5685.61872909699
Bannerghatta Road,1660.0,3.0,85.0,3,5120.481927710844
Electronic City,1275.0,3.0,63.43,3,4974.901960784314
Bommasandra Industrial Area,1365.0,3.0,52.81,3,3868.864468864469
"MEI layout, Bagalgunte",1200.0,2.0,90.0,3,7500.0
Kanakpura Road,2546.0,3.0,170.0,3,6677.140612725844
Banashankari Stage VI,1392.0,3.0,69.46,3,4989.942528735632
Whitefield,1245.0,2.0,59.76,2,4800.0
Rayasandra,1200.0,3.0,65.0,5,5416.666666666667
Yeshwanthpur,1162.0,2.0,64.08,2,5514.629948364888
Singasandra,1476.0,2.0,73.0,3,4945.79945799458
KR Puram,700.0,1.0,21.5,1,3071.4285714285716
Gnana Bharathi,3600.0,6.0,170.0,6,4722.222222222223
Jigani,943.0,2.0,48.0,2,5090.1378579003185
Pai Layout,1150.0,2.0,170.0,2,14782.608695652174
Sarjapur  Road,1113.0,2.0,44.5,2,3998.2030548068283
Varthur,1615.0,3.0,69.43,3,4299.071207430341
Keshava Nagar,1279.0,2.0,100.0,2,7818.608287724785
Kacharakanahalli,1256.0,2.0,60.0,2,4777.070063694267
Benson Town,1805.0,3.0,280.0,3,15512.465373961219
Sompura,1350.0,3.0,65.0,3,4814.814814814815
SRINIVASAPURA,1525.0,3.0,68.63,3,4500.327868852459
Rajaji Nagar,1357.0,2.0,123.0,2,9064.112011790714
Hebbal,1645.0,3.0,117.0,3,7112.462006079028
Ardendale,1777.26,3.0,92.0,3,5176.507657855351
Bisuvanahalli,845.0,2.0,32.0,2,3786.98224852071
Sidedahalli,900.0,2.0,25.0,2,2777.777777777778
Varthur,1210.0,2.0,64.15,2,5301.652892561984
Electronic City Phase II,829.0,2.0,22.8,2,2750.301568154403
Sarjapur  Road,1879.0,3.0,155.0,3,8249.068653539116
Hosur Road,1250.0,2.0,50.0,3,4000.0
Jeevanhalli,1200.0,2.0,35.0,4,2916.6666666666665
Marathahalli,1108.0,2.0,60.0,3,5415.162454873646
Kanakpura Road,1401.0,3.0,69.0,3,4925.0535331905785
Sarjapur  Road,1157.0,2.0,75.0,3,6482.281763180639
Ramamurthy Nagar Extension,1185.0,2.0,42.66,2,3600.0
Green Glen Layout,1751.0,3.0,115.0,3,6567.6756139348945
Mahalakshmi Puram,1550.0,3.0,250.0,5,16129.032258064517
Bannerghatta Road,1880.0,3.0,96.5,3,5132.978723404255
Whitefield,1322.5,3.0,40.985,3,3099.054820415879
Channasandra,1175.0,2.0,38.0,2,3234.0425531914893
Jalahalli,1407.0,2.0,98.49,2,7000.0
Yelachenahalli,1000.0,2.0,50.0,2,5000.0
Electronic City,1518.0,3.0,75.0,3,4940.711462450593
"Gubbi Cross, Hennur Main Road",3600.0,4.0,300.0,4,8333.333333333334
Tumkur Road,1027.0,2.0,67.0,2,6523.855890944498
Dairy Circle,3730.0,6.0,430.0,4,11528.150134048257
HSR Layout,1145.0,2.0,46.0,2,4017.467248908297
Rajaji Nagar,1260.0,2.0,113.0,2,8968.253968253968
Begur Road,1500.0,2.0,47.25,3,3150.0
Varthur,1737.0,2.0,57.32,3,3299.9424294761084
Byrathi Village,1600.0,4.0,120.0,3,7500.0
Hegde Nagar,1500.0,3.0,135.0,3,9000.0
Sabari Nagar,1120.0,2.0,60.0,2,5357.142857142857
Banashankari Stage V,1200.0,4.0,240.0,3,20000.0
Hennur Road,1030.0,2.0,46.5,2,4514.563106796117
Gubbalala,2500.0,6.0,88.0,6,3520.0
Kammasandra,1057.0,2.0,35.0,2,3311.2582781456954
Old Airport Road,2774.0,4.0,208.0,4,7498.197548666186
Thanisandra,1460.0,2.0,38.5,2,2636.986301369863
Hormavu,1075.0,2.0,53.7,2,4995.3488372093025
Mysore Road,1080.0,2.0,60.0,3,5555.555555555556
Kodihalli,3626.0,5.0,788.0,4,21731.936017650303
Ashraya Layout,5100.0,7.0,225.0,6,4411.764705882353
Singasandra,1139.7,2.0,45.0,2,3948.407475651487
Whitefield,1074.0,2.0,42.8,2,3985.102420856611
Whitefield,1200.0,2.0,46.13,2,3844.1666666666665
Sarjapur  Road,2425.0,5.0,175.0,4,7216.494845360825
Sarjapur  Road,1323.0,2.0,74.0,2,5593.348450491308
Hennur Road,1232.0,2.0,69.61,2,5650.162337662337
Kalena Agrahara,900.0,2.0,40.0,2,4444.444444444444
Sarjapura - Attibele Road,740.0,1.0,23.65,1,3195.945945945946
Hebbal,1920.0,3.0,134.0,3,6979.166666666667
Bannerghatta Road,1550.0,3.0,96.0,3,6193.548387096775
Gunjur,1588.0,2.0,90.0,3,5667.506297229219
Rajaji Nagar,2300.0,4.0,240.0,3,10434.782608695652
R.T. Nagar,3600.0,8.0,165.0,9,4583.333333333333
"Thanisandra Main Road, ",1308.0,2.0,86.0,2,6574.923547400612
Hennur,1340.0,2.0,54.27,3,4050.0
Kogilu,3280.0,9.0,450.0,10,13719.512195121952
Infantry Road,2170.0,3.0,265.0,4,12211.981566820277
Thanisandra,1719.0,3.0,135.0,3,7853.4031413612565
Horamavu Agara,1107.83,2.0,41.51,2,3746.964787016059
Whitefield,1200.0,2.0,45.84,2,3820.0
Electronic City,1090.0,2.0,31.48,1,2888.0733944954127
Sarvabhouma Nagar,1500.0,5.0,210.0,5,14000.0
Jakkur,1660.0,3.0,104.0,3,6265.060240963855
Nagavara,1247.0,2.0,58.56,2,4696.0705693664795
Thanisandra,1595.0,3.0,96.0,3,6018.808777429467
Kaggadasapura,1175.0,2.0,50.0,2,4255.31914893617
9th Phase JP Nagar,1200.0,8.0,135.0,8,11250.0
Old Airport Road,1184.0,2.0,78.0,2,6587.8378378378375
Byrasandra,1100.0,2.0,55.0,2,5000.0
Kaval Byrasandra,935.0,2.0,78.0,2,8342.245989304813
Yelahanka,1200.0,2.0,60.0,2,5000.0
Rajaji Nagar,2400.0,5.0,408.0,5,17000.0
Neelamangala,1000.0,2.0,45.0,2,4500.0
Uttarahalli,1000.0,2.0,52.0,2,5200.0
Yelahanka,1705.0,3.0,85.0,3,4985.337243401759
Tumkur Road,1060.0,2.0,58.3,3,5500.0
Chikka Tirupathi,2325.0,4.0,120.0,4,5161.290322580645
Kammagondahalli,1347.0,2.0,55.0,3,4083.147735708983
Kathreguppe,1200.0,8.0,250.0,8,20833.333333333332
Varthur,1402.0,2.0,95.0,2,6776.034236804565
Whitefield,2280.0,4.0,125.0,3,5482.456140350877
Whitefield ECC Road,1225.0,2.0,71.05,2,5800.0
5th Phase JP Nagar,1080.0,2.0,53.0,2,4907.407407407408
Koppa,4000.0,7.0,90.0,7,2250.0
Lavelle Road,1919.0,3.0,300.0,3,15633.142261594581
Begur Road,1100.0,2.0,42.6,2,3872.7272727272725
Sarjapur  Road,2500.0,4.0,225.0,4,9000.0
Bannerghatta Road,1200.0,2.0,78.0,2,6500.0
Begur Road,1565.0,2.0,57.91,3,3700.3194888178914
Maruthi nagar kogilu,1200.0,3.0,78.0,2,6500.0
Kothanur,1581.0,3.0,76.0,3,4807.084123972169
Whitefield,2882.0,5.0,200.0,4,6939.625260235947
TC Palaya,1440.0,5.0,97.0,5,6736.111111111111
Krishna Reddy Layout,2180.0,3.0,273.0,3,12522.935779816513
Nagasandra,7000.0,8.0,450.0,4,6428.571428571428
Abbigere,985.0,2.0,38.92,2,3951.269035532995
Sarjapur,950.0,2.0,35.0,2,3684.2105263157896
Jai Bheema Nagar,1339.0,2.0,55.0,2,4107.542942494399
Ayappa Nagar,1449.0,3.0,72.0,3,4968.944099378882
Chikkasandra,1200.0,4.0,180.0,4,15000.0
Brindavan Layout,1100.0,2.0,38.68,2,3516.3636363636365
Hoskote,1003.5,2.0,28.095,2,2799.701046337818
Kaval Byrasandra,2700.0,3.0,200.0,3,7407.407407407408
Billamaranahalli,1100.0,2.0,55.0,2,5000.0
Electronic City,1140.0,2.0,32.92,2,2887.719298245614
Sarjapur,3009.0,3.0,330.0,3,10967.098703888336
Hanumantha Nagar,3300.0,8.0,310.0,8,9393.939393939394
Chandapura,800.0,1.0,30.0,2,3750.0
Chikkabanavar,2000.0,4.0,65.0,5,3250.0
Prasanti Nagar,1200.0,4.0,190.0,4,15833.333333333334
3rd Block Hrbr Layout,1300.0,2.0,95.0,2,7307.692307692308
Kanakpura Road,1220.0,2.0,60.0,2,4918.0327868852455
Sarjapur  Road,2289.0,3.0,178.0,3,7776.321537789428
Whitefield,1170.0,2.0,56.0,2,4786.324786324786
Vignana Nagar,1350.0,2.0,89.5,2,6629.62962962963
Kambipura,883.0,2.0,45.0,2,5096.262740656852
Thanisandra,1698.0,3.0,125.0,3,7361.601884570083
Electronic City Phase II,2187.5,4.0,105.0,4,4800.0
Ambalipura,1060.0,2.0,58.5,2,5518.867924528302
Somasundara Palya,1185.0,2.0,75.0,2,6329.113924050633
Padmanabhanagar,2051.0,3.0,180.0,3,8776.206728425159
Vittasandra,1404.0,2.0,72.0,2,5128.205128205128
Electronic City Phase II,1252.0,2.0,67.0,2,5351.437699680511
Bannerghatta Road,1885.0,3.0,125.0,3,6631.29973474801
Kaikondrahalli,3381.0,6.0,225.0,6,6654.835847382431
Hormavu,980.0,2.0,42.0,2,4285.714285714285
Rajaji Nagar,2500.0,3.0,340.0,3,13600.0
Banashankari,1420.0,3.0,66.0,3,4647.887323943662
Medahalli,1166.0,6.0,135.0,6,11578.044596912521
"Banasawadi, ",2312.0,3.0,156.0,3,6747.404844290658
Kaggadasapura,3000.0,4.0,130.0,4,4333.333333333333
Jayamahal,1175.0,2.0,70.0,2,5957.446808510638
Vinayaka Nagar,1145.0,2.0,51.0,2,4454.14847161572
Bhoganhalli,970.0,2.0,52.5,2,5412.371134020618
Electronic City,1125.0,2.0,32.49,2,2888.0
Whitefield,1639.5,3.0,92.63,3,5649.893260140287
9th Phase JP Nagar,5000.0,4.0,300.0,4,6000.0
3rd Block Jayanagar,2150.0,3.0,240.0,3,11162.790697674418
Ramagondanahalli,1635.0,3.0,57.0,3,3486.238532110092
Harlur,3425.0,3.0,320.0,3,9343.065693430657
Hennur Road,2950.0,4.0,253.0,4,8576.271186440677
Jalahalli,1200.0,2.0,66.0,1,5500.0
Kathriguppe,1335.0,2.0,73.43,3,5500.374531835207
Hebbal,4450.0,6.0,449.0,4,10089.887640449439
Yeshwanthpur,1166.0,2.0,64.08,2,5495.711835334477
Rajaji Nagar,2390.0,3.0,372.0,3,15564.853556485356
Shivaji Nagar,1460.0,2.0,90.0,3,6164.3835616438355
Gulimangala,1690.0,3.0,50.0,3,2958.579881656805
Nagashetty Halli,1386.0,3.0,93.0,4,6709.95670995671
Devasandra Extension,1090.0,2.0,32.0,2,2935.7798165137615
Thanisandra,1732.0,3.0,85.73,3,4949.769053117783
Whitefield,1390.0,2.0,72.0,2,5179.856115107914
Sector 2 HSR Layout,1095.0,2.0,85.41,2,7800.0
Kengeri,416.0,1.0,17.19,1,4132.211538461539
Channasandra Layout,2400.0,2.0,50.0,3,2083.3333333333335
Yelahanka,1350.0,2.0,85.0,3,6296.2962962962965
Bannerghatta Road,1453.0,2.0,73.0,3,5024.088093599449
Thanisandra,1226.0,2.0,65.0,2,5301.794453507341
Kasturi Nagar,784.0,2.0,165.0,4,21045.918367346938
Hegde Nagar,1168.0,2.0,68.0,3,5821.917808219178
Bannerghatta,1776.0,3.0,124.0,3,6981.981981981982
Whitefield,1634.0,3.0,68.0,3,4161.566707466341
Hormavu,860.0,2.0,56.0,2,6511.627906976744
Kamala Nagar,2800.0,3.0,400.0,3,14285.714285714286
Nagasandra,1650.0,3.0,95.0,3,5757.575757575758
Whitefield,1190.0,2.0,70.0,2,5882.35294117647
JP Nagar,1133.0,2.0,33.99,2,3000.0
Suraksha Nagar,1559.0,3.0,62.0,3,3976.9082745349583
Horamavu Banaswadi,1448.0,4.0,118.0,3,8149.171270718232
Sathya Sai Layout,6652.0,6.0,510.0,4,7666.867107636801
Kodichikkanahalli,976.0,2.0,50.0,2,5122.950819672131
Bank Of Baroda Colony,1350.0,4.0,240.0,4,17777.777777777777
Yelahanka,1590.0,2.0,54.0,3,3396.2264150943397
Binny Pete,2940.0,6.0,201.0,4,6836.734693877551
Yelahanka,1633.0,3.0,110.0,3,6736.068585425597
Ramagondanahalli,1151.0,2.0,46.0,2,3996.524761077324
Kereguddadahalli,1400.0,2.0,42.0,3,3000.0
Uttarahalli,1037.0,2.0,36.0,2,3471.552555448409
Thanisandra,1188.0,2.0,36.0,2,3030.3030303030305
Raja Rajeshwari Nagar 5th Stage,1060.0,2.0,52.0,2,4905.66037735849
Thigalarapalya,2215.0,4.0,162.0,3,7313.769751693002
Hennur,1255.0,2.0,54.5,2,4342.629482071713
Ganesha Block,2500.0,2.0,300.0,3,12000.0
Hormavu,1075.0,2.0,53.7,2,4995.3488372093025
Harlur,2569.0,5.0,180.0,4,7006.617360840794
ITPL,900.0,2.0,27.0,2,3000.0
Kudlu Gate,1183.0,2.0,79.54,2,6723.584108199494
HSR Layout,1100.0,2.0,44.0,2,4000.0
GM Palaya,1643.0,2.0,70.0,3,4260.49908703591
Banagiri Nagar,1500.0,2.0,120.0,3,8000.0
Jakkur,1291.0,2.0,75.0,2,5809.450038729667
Hennur,1150.0,3.0,80.0,3,6956.521739130435
Electronic City,1060.0,2.0,55.0,2,5188.679245283019
7th Phase JP Nagar,1575.0,2.0,110.0,3,6984.126984126984
BHEL Layout,1200.0,4.0,160.0,5,13333.333333333334
Byrathi Village,1700.0,3.0,55.0,4,3235.294117647059
Mahadevpura,1236.0,2.0,58.0,2,4692.556634304207
Ramamurthy Nagar,1350.0,2.0,39.0,3,2888.8888888888887
Malleshwaram,2475.0,4.0,326.0,3,13171.717171717171
Pai Layout,3800.0,6.0,175.0,6,4605.263157894737
Haralur Road,4694.0,5.0,375.0,4,7988.9220281210055
Electronic City,1200.0,2.0,34.66,2,2888.333333333333
Hulimavu,1200.0,4.0,75.0,4,6250.0
Harlur,1225.0,2.0,56.0,2,4571.428571428572
Thanisandra,1056.0,2.0,75.0,2,7102.272727272727
9th Phase JP Nagar,1240.0,2.0,42.85,3,3455.6451612903224
Banashankari,1200.0,3.0,74.52,3,6210.0
Kudlu Gate,1850.0,3.0,110.0,3,5945.945945945946
Amblipura,3150.0,4.0,180.0,4,5714.285714285715
Naganathapura,1200.0,1.0,39.82,1,3318.3333333333335
Dodda Banaswadi,1018.0,4.0,150.0,4,14734.774066797643
Konena Agrahara,3520.0,6.0,460.0,5,13068.181818181818
Chandapura,1185.0,2.0,30.22,3,2550.2109704641352
Jigani,918.0,2.0,56.0,2,6100.217864923748
GD Layout,1330.0,2.0,68.0,3,5112.7819548872185
Munnekollal,1540.0,2.0,70.0,3,4545.454545454545
Lakshminarayana Pura,1200.0,2.0,80.0,2,6666.666666666667
Sunkan palya,927.0,2.0,37.0,2,3991.3700107874865
Sarjapur,2585.5,4.0,115.0,4,4447.882421195127
CV Raman Nagar,1400.0,2.0,78.0,3,5571.428571428572
Hosur Road,1345.0,2.0,106.0,2,7881.0408921933085
1st Phase JP Nagar,1900.0,3.0,400.0,4,21052.63157894737
8th Phase JP Nagar,1510.0,2.0,80.0,2,5298.013245033113
Malleshwaram,302.0,2.0,25.0,2,8278.14569536424
ITPL,1500.0,3.0,61.52,3,4101.333333333333
Yelahanka,827.5,1.0,42.535,1,5140.181268882176
Vidyaranyapura,1100.0,2.0,72.0,3,6545.454545454545
Sunkadakatte,1200.0,3.0,68.0,3,5666.666666666667
Kanakpura Road,1100.0,3.0,53.0,3,4818.181818181818
Hormavu,2282.0,4.0,115.0,4,5039.439088518843
Jayanti Nagar,760.0,2.0,37.49,2,4932.894736842105
Sarjapur,2172.0,3.0,100.0,3,4604.051565377532
Yeshwanthpur Industrial Suburb,3800.0,6.0,390.0,6,10263.157894736842
Kumaraswami Layout,600.0,2.0,72.0,4,12000.0
8th Phase JP Nagar,3300.0,3.0,165.0,3,5000.0
Thubarahalli,1242.0,3.0,51.0,3,4106.280193236715
Moodalapalya,410.0,1.0,48.0,1,11707.317073170732
Uttarahalli,1245.0,2.0,43.58,3,3500.401606425703
Kadugodi,1088.0,2.0,44.0,2,4044.1176470588234
Sahakara Nagar,1200.0,2.0,46.0,2,3833.3333333333335
TC Palaya,1995.0,3.0,100.0,3,5012.5313283208025
Haralur Road,1309.0,2.0,82.0,2,6264.323911382735
BTM 1st Stage,1717.0,3.0,200.0,3,11648.223645894
7th Phase JP Nagar,2100.0,3.0,200.0,3,9523.809523809523
Gayathri Nagar,880.0,1.0,90.0,2,10227.272727272728
Abbigere,1200.0,6.0,95.0,6,7916.666666666667
Maruthi Nagar,1250.0,3.0,42.0,3,3360.0
Hebbal,3520.0,5.0,240.0,3,6818.181818181818
5th Phase JP Nagar,1041.0,2.0,54.0,2,5187.319884726225
Sarjapur  Road,1505.0,2.0,60.0,3,3986.7109634551493
Bannerghatta,1776.0,3.0,150.0,3,8445.945945945947
Bellandur,1767.0,3.0,89.0,3,5036.785512167516
Rajiv Gandhi Nagar,1293.0,2.0,80.0,2,6187.161639597834
Kengeri,1320.0,2.0,50.0,2,3787.878787878788
Bhuvaneshwari Nagar,1280.0,2.0,68.48,2,5350.0
Thanisandra,1245.0,2.0,83.05,2,6670.682730923695
Haralur Road,1027.0,1.0,44.0,2,4284.323271665044
Yelenahalli,1200.0,2.0,46.17,2,3847.5
Kanakpura Road,1100.0,3.0,58.0,3,5272.727272727273
Medahalli,1065.0,3.0,72.0,3,6760.56338028169
Kannamangala,1814.0,3.0,129.0,3,7111.35611907387
Ramagondanahalli,1610.0,2.0,112.0,3,6956.521739130435
Kumaraswami Layout,850.0,1.0,78.0,1,9176.470588235294
Kasavanhalli,1600.0,3.0,79.0,3,4937.5
Old Mangammanapalya Road,3200.0,4.0,140.0,3,4375.0
Canara Bank Colony,1250.0,2.0,77.13,3,6170.4
Haralur Road,1243.0,2.0,46.0,2,3700.7240547063557
Kanakpura Road,1452.0,3.0,60.98,3,4199.724517906336
Ittamadu,1475.0,3.0,75.0,3,5084.745762711865
Electronic City,1353.0,2.0,75.0,2,5543.2372505543235
Maruthi Sevanagar,2100.0,3.0,210.0,4,10000.0
Electronics City Phase 1,1750.0,3.0,58.0,3,3314.285714285714
Whitefield,4800.0,4.0,550.0,4,11458.333333333334
Sahakara Nagar,1270.0,2.0,96.0,2,7559.055118110236
Battarahalli,2700.0,3.0,75.0,4,2777.777777777778
8th Phase JP Nagar,1200.0,4.0,270.0,4,22500.0
Thanisandra,2695.0,4.0,188.0,4,6975.881261595548
Hessarghatta,1330.0,3.0,65.0,3,4887.2180451127815
Electronic City,660.0,1.0,18.0,2,2727.2727272727275
BTM 2nd Stage,1400.0,2.0,90.0,2,6428.571428571428
Gubbalala,4000.0,5.0,195.0,4,4875.0
Kanakpura Road,1700.0,3.0,75.0,3,4411.764705882353
Kasavanhalli,1585.0,2.0,90.0,2,5678.233438485804
Kothanur,1385.0,3.0,67.0,3,4837.545126353791
Electronic City,1128.0,2.0,67.0,2,5939.7163120567375
Whitefield,60.0,4.0,218.0,4,363333.3333333333
1Kasavanhalli,1200.0,18.0,200.0,18,16666.666666666668
HSR Layout,1203.0,2.0,60.0,2,4987.5311720698255
Mallasandra,905.0,2.0,35.0,2,3867.403314917127
Hennur Road,1450.0,3.0,79.0,3,5448.275862068966
Varthur,1105.0,2.0,38.0,2,3438.914027149321
Channasandra,1200.0,2.0,46.13,2,3844.1666666666665
Jalahalli,1530.0,2.0,89.0,3,5816.993464052288
Whitefield,1105.0,2.0,35.4,2,3203.6199095022625
Dasarahalli,1333.0,2.0,78.56,2,5893.473368342085
Hongasandra,1065.0,2.0,45.0,2,4225.352112676056
Haralur Road,1243.0,2.0,46.0,2,3700.7240547063557
Old Madras Road,1530.0,3.0,76.34,3,4989.5424836601305
Margondanahalli,1200.0,2.0,65.0,2,5416.666666666667
Whitefield,1270.0,2.0,94.0,2,7401.574803149606
Bellandur,1830.0,3.0,89.0,3,4863.3879781420765
Chandapura,900.0,2.0,35.0,2,3888.8888888888887
Attibele,2400.0,2.0,250.0,4,10416.666666666666
Varsova Layout,7000.0,6.0,560.0,6,8000.0
Bannerghatta Road,1450.0,2.0,78.0,3,5379.310344827586
J C Nagar,1525.0,3.0,65.0,3,4262.295081967213
Mahalakshmi Layout,1080.0,2.0,67.0,2,6203.7037037037035
Bagalur Main Road,1220.0,2.0,72.0,2,5901.639344262295
Begur Road,1200.0,2.0,44.4,2,3700.0
Bommanahalli,1355.0,2.0,73.17,2,5400.0
R.T. Nagar,2400.0,3.0,348.0,3,14500.0
Govindapura,1500.0,2.0,60.0,2,4000.0
Koramangala,1355.0,2.0,95.0,2,7011.070110701107
Electronic City,1070.0,2.0,57.0,2,5327.102803738318
CV Raman Nagar,1980.0,4.0,180.0,3,9090.90909090909
Bommasandra,842.0,2.0,30.0,2,3562.9453681710215
Bannerghatta Road,700.0,1.0,31.2,1,4457.142857142857
Doddakammanahalli,2500.0,4.0,65.0,3,2600.0
"Kanakapura Road, ",1884.0,3.0,95.0,3,5042.462845010616
Dena Bank Colony,1100.0,2.0,75.0,2,6818.181818181818
Raja Rajeshwari Nagar,1196.0,2.0,40.54,2,3389.632107023411
Budigere,1820.0,3.0,85.0,3,4670.32967032967
Basavanapura,1200.0,8.0,145.0,8,12083.333333333334
Thanisandra,1185.0,2.0,43.5,2,3670.8860759493673
Varthur,2145.0,3.0,170.0,3,7925.407925407925
Whitefield,1220.0,2.0,89.0,2,7295.081967213115
Whitefield,1116.0,2.0,51.91,2,4651.433691756272
6th Phase JP Nagar,1192.0,2.0,75.0,2,6291.946308724832
Marathahalli,1449.0,3.0,110.0,3,7591.44237405107
Ardendale,2500.0,3.0,250.0,3,10000.0
Electronic City,1700.0,3.0,90.0,3,5294.117647058823
Hebbal,1920.0,3.0,150.0,3,7812.5
BTM 4th Stage,1350.0,2.0,90.0,2,6666.666666666667
Devanahalli Int. Airport,4800.0,5.0,350.0,4,7291.666666666667
"Sarjapur Road, ",1700.0,3.0,74.0,3,4352.941176470588
Hoodi,1447.0,3.0,76.0,2,5252.24602626123
Kanakpura Road,1329.0,2.0,107.0,2,8051.166290443943
Sarjapur  Road,1314.0,2.0,70.44,3,5360.730593607306
Hal old airport road,1200.0,3.0,110.0,3,9166.666666666666
Basavangudi,1214.0,3.0,220.0,6,18121.91103789127
Hosa Road,1513.0,3.0,103.0,3,6807.666886979511
Vittasandra,1246.0,2.0,67.5,2,5417.335473515249
Ganga Nagar,705.0,1.0,65.0,1,9219.85815602837
Dasarahalli,1220.0,2.0,62.0,2,5081.9672131147545
Yelahanka New Town,1800.0,2.0,45.0,3,2500.0
Kaval Byrasandra,1400.0,3.0,75.0,3,5357.142857142857
Kasavanhalli,1245.0,2.0,80.0,2,6425.70281124498
Anantapuram,1495.0,2.0,63.0,3,4214.046822742475
Nagavara,2000.0,2.0,275.0,3,13750.0
Gollarapalya Hosahalli,996.0,2.0,36.5,2,3664.6586345381525
Yelahanka New Town,1000.0,2.0,44.0,2,4400.0
Chikka Banaswadi,1250.0,2.0,75.0,2,6000.0
Chandapura,975.0,2.0,24.86,2,2549.74358974359
Thanisandra,1261.0,2.0,80.0,3,6344.171292624901
Electronics City Phase 1,1080.0,2.0,46.0,2,4259.259259259259
Akshayanagara East,1230.0,2.0,50.0,2,4065.040650406504
Kammasandra,982.0,2.0,25.53,2,2599.79633401222
Bommasandra,1260.0,3.0,49.36,3,3917.4603174603176
HSR Layout,1590.0,2.0,135.0,3,8490.566037735849
Horamavu Agara,1220.0,2.0,39.0,2,3196.72131147541
Electronic City Phase II,1320.0,2.0,38.12,3,2887.8787878787875
Green Glen Layout,1750.0,3.0,105.0,3,6000.0
Whitefield,1436.0,2.0,62.15,3,4327.994428969359
TC Palaya,1200.0,2.0,66.0,3,5500.0
Malleshwaram,1500.0,2.0,140.0,2,9333.333333333334
Varthur,1560.0,3.0,90.0,3,5769.2307692307695
Whitefield,3758.0,3.0,300.0,3,7982.969664715274
Belatur,1275.0,2.0,59.0,2,4627.450980392156
Ramanjaneyanagar,1040.0,2.0,36.4,2,3500.0
Bellandur,2400.0,3.0,115.0,3,4791.666666666667
Chamrajpet,1500.0,9.0,230.0,6,15333.333333333334
Kaggalipura,3150.0,5.0,212.0,4,6730.158730158731
Karuna Nagar,1960.0,3.0,165.0,3,8418.367346938776
JP Nagar,3200.0,5.0,309.0,4,9656.25
Yeshwanthpur,1195.0,2.0,100.0,2,8368.200836820084
Yelahanka,1195.0,2.0,53.105,2,4443.933054393306
Hosakerehalli,4500.0,5.0,145.0,5,3222.222222222222
Ulsoor,450.0,3.0,70.0,3,15555.555555555555
Sathya Sai Layout,4304.0,4.0,699.0,4,16240.706319702602
Javarandoddi,648.0,1.0,40.0,1,6172.83950617284
Sarjapur  Road,2100.0,3.0,130.0,3,6190.476190476191
Thanisandra main road,4209.0,4.0,602.0,4,14302.684723212164
Kudlu,1027.0,2.0,44.0,2,4284.323271665044
Whitefield,1575.0,4.0,250.0,4,15873.015873015873
Bommasandra,1365.0,3.0,52.82,3,3869.5970695970695
Yelahanka New Town,650.0,1.0,18.0,1,2769.230769230769
Chandapura,1200.0,2.0,52.0,3,4333.333333333333
Cooke Town,1100.0,2.0,90.0,2,8181.818181818182
7th Phase JP Nagar,1075.0,2.0,57.0,3,5302.325581395349
Banashankari,1100.0,2.0,63.0,2,5727.272727272727
Akshya Nagar,1320.0,2.0,58.0,3,4393.939393939394
Kammasandra,1500.0,3.0,65.0,3,4333.333333333333
Vijaypura,1200.0,5.0,150.0,4,12500.0
Bapuji Nagar,1125.0,3.0,126.0,4,11200.0
Vittasandra,1246.0,2.0,67.5,2,5417.335473515249
Bhoganhalli,1718.0,3.0,90.2,3,5250.291036088475
Bisuvanahalli,1075.0,2.0,32.0,3,2976.7441860465115
Chennammana Kere,1480.0,3.0,75.48,3,5100.0
Austin Town,500.0,1.0,13.0,1,2600.0
3rd Block Banashankari,2400.0,4.0,325.0,5,13541.666666666666
Kaikondrahalli,1200.0,4.0,125.0,4,10416.666666666666
Kanakpura Road,1041.0,2.0,36.44,2,3500.480307396734
Doddanekundi,1128.0,2.0,48.4,2,4290.780141843971
Hosur Road,1685.0,3.0,90.0,3,5341.246290801187
Guddadahalli,1180.0,2.0,65.0,2,5508.474576271186
Ejipura,1200.0,2.0,60.0,2,5000.0
Mangammanapalya,1250.0,3.0,39.5,3,3160.0
Kanakpura Road,900.0,2.0,41.0,2,4555.555555555556
Chelekare,1000.0,2.0,45.0,2,4500.0
Yelahanka New Town,600.0,2.0,80.0,2,13333.333333333334
2nd Stage Nagarbhavi,600.0,3.0,82.0,4,13666.666666666666
Vittasandra,1404.0,2.0,70.0,2,4985.754985754986
Ramagondanahalli,1610.0,2.0,115.0,3,7142.857142857143
Varthur,1760.0,2.0,85.0,2,4829.545454545455
Amam Enclave Layout,975.0,2.0,55.0,2,5641.025641025641
Kashi Nagar,1190.0,2.0,42.0,2,3529.4117647058824
Kudlu,1110.0,2.0,46.0,2,4144.144144144144
Rajaji Nagar,2415.0,3.0,399.0,3,16521.739130434784
Gunjur,1235.0,2.0,44.5,2,3603.2388663967613
Nanjappa Garden,1275.0,2.0,55.0,2,4313.725490196079
Victoria Layout,1115.0,2.0,115.0,2,10313.90134529148
Harlur,1197.0,2.0,76.0,2,6349.206349206349
Begur Road,644.0,1.0,32.0,1,4968.944099378882
Bellandur,1251.0,2.0,47.0,2,3756.994404476419
Neeladri Nagar,1105.0,2.0,30.0,2,2714.9321266968327
4th Phase JP Nagar,1080.0,2.0,38.0,2,3518.5185185185187
Kudlu,2100.0,3.0,114.0,4,5428.571428571428
Kammanahalli,1600.0,4.0,200.0,4,12500.0
NRI Layout,1731.0,3.0,64.11,3,3703.639514731369
Hormavu,1206.0,2.0,55.0,2,4560.530679933665
Choodasandra,1560.0,3.0,78.0,3,5000.0
7th Phase JP Nagar,750.0,1.0,47.0,1,6266.666666666667
Billekahalli,1035.0,2.0,90.0,2,8695.652173913044
Ramamurthy Nagar,1200.0,6.0,150.0,7,12500.0
Sarjapur  Road,702.0,1.0,35.8,1,5099.715099715099
Attibele,1700.0,3.0,65.0,3,3823.529411764706
HRBR Layout,1145.0,2.0,68.5,2,5982.532751091703
Ramamurthy Nagar,1208.0,2.0,43.5,3,3600.9933774834435
Brookefield,1589.0,3.0,74.0,3,4657.016991818754
Allalasandra,560.0,2.0,22.0,2,3928.5714285714284
Yelahanka New Town,1426.0,2.0,61.5,3,4312.762973352033
Green Glen Layout,1885.0,3.0,135.0,3,7161.803713527852
Old Madras Road,935.0,2.0,37.77,2,4039.5721925133694
Old Madras Road,1171.0,2.0,73.0,2,6233.98804440649
Singasandra,1465.0,2.0,60.0,2,4095.563139931741
Budigere,1820.0,3.0,95.0,3,5219.780219780219
Raja Rajeshwari Nagar,1580.0,2.0,66.85,3,4231.012658227847
Whitefield,1452.0,2.0,46.29,3,3188.0165289256197
Hennur Road,1445.0,2.0,89.56,3,6197.923875432526
Gollahalli,1170.0,2.0,39.0,2,3333.3333333333335
Anjappa Layout,1070.0,2.0,50.0,2,4672.897196261682
Kanakpura Road,1100.0,3.0,53.0,3,4818.181818181818
Kothanur,1140.0,2.0,56.0,2,4912.2807017543855
Rachenahalli,2600.0,3.0,160.0,3,6153.846153846154
Shikaripalya,1532.0,3.0,59.75,3,3900.1305483028723
AGS Layout,1150.0,2.0,46.0,2,4000.0
Jakkur,1473.0,2.0,85.0,2,5770.536320434488
Kathriguppe,1350.0,3.0,80.99,3,5999.259259259258
Prithvi Layout,4040.0,4.0,500.0,4,12376.237623762376
CV Raman Nagar,1980.0,4.0,166.0,3,8383.838383838383
Hoodi,1660.0,3.0,128.0,3,7710.843373493976
Kogilu,2456.0,7.0,85.0,7,3460.912052117264
Chamrajpet,650.0,2.0,45.0,2,6923.076923076923
Neeladri Nagar,4000.0,5.0,425.0,5,10625.0
Malleshwaram,2475.0,4.0,340.0,3,13737.373737373737
Chikkakannalli,1495.0,3.0,90.0,3,6020.066889632107
R.T. Nagar,1080.0,2.0,48.0,2,4444.444444444444
Electronic City,1521.0,2.0,57.5,3,3780.4076265614726
Aishwarya Crystal Layout,1053.0,2.0,51.0,2,4843.304843304843
Binny Pete,2406.0,5.0,289.0,3,12011.63757273483
Kanakpura Road,800.0,5.0,115.0,4,14375.0
7th Phase JP Nagar,1050.0,2.0,42.0,2,4000.0
Thanisandra,1430.0,2.0,51.48,3,3600.0
Begur,2400.0,3.0,12.0,3,500.0
OLd Gurappanapalya,1250.0,3.0,39.0,3,3120.0
Ramanagara Channapatna,1200.0,2.0,75.0,4,6250.0
Ulsoor,840.0,1.0,150.0,1,17857.14285714286
Uttarahalli,1000.0,2.0,39.5,2,3950.0
Bannerghatta Road,1630.0,3.0,68.0,3,4171.7791411042945
Kammasandra,985.0,2.0,40.5,2,4111.675126903553
BTM 2nd Stage,1200.0,2.0,70.0,2,5833.333333333333
Ambalipura,1650.0,3.0,100.0,3,6060.606060606061
Mico Layout,1670.0,3.0,59.0,3,3532.934131736527
5th Block Hbr Layout,1200.0,5.0,205.0,5,17083.333333333332
Sarjapur  Road,1240.0,4.0,110.0,4,8870.967741935483
Maheswari Nagar,1000.0,2.0,60.0,2,6000.0
Doddabanahalli,830.0,2.0,26.0,2,3132.5301204819275
Ramagondanahalli,1200.0,3.0,56.1,3,4675.0
Sadashiva Nagar,9600.0,7.0,2736.0,5,28500.0
Begur Road,2500.0,6.0,122.5,4,4900.0
Haralur Road,1140.0,2.0,43.0,2,3771.9298245614036
Nagarbhavi,1635.0,3.0,85.0,3,5198.7767584097855
HSR Layout,1120.0,2.0,70.0,2,6250.0
Kamakya Layout,2750.0,6.0,200.0,6,7272.727272727273
Sector 7 HSR Layout,1760.0,3.0,185.0,3,10511.363636363636
Harlur,2137.0,3.0,110.0,3,5147.402901263454
Hennur Road,973.0,2.0,50.74,2,5214.799588900309
Kundalahalli,1724.0,3.0,146.0,3,8468.677494199535
Banashankari,1020.0,2.0,40.79,2,3999.0196078431372
Hsr layout sector3,1200.0,4.0,375.0,4,31250.0
Electronic City,750.0,1.0,35.0,1,4666.666666666667
Kambipura,883.0,2.0,49.0,2,5549.263873159683
Thyagraj Nagar,660.0,2.0,76.0,2,11515.151515151516
Ramagondanahalli,2787.0,5.0,220.0,4,7893.792608539648
Devasthanagalu,1470.0,2.0,60.0,3,4081.6326530612246
Electronics City Phase 1,891.0,2.0,24.95,2,2800.2244668911335
"Sarjapur Road, ",1275.0,2.0,76.0,2,5960.78431372549
Kothanur,1787.0,3.0,120.0,3,6715.165081141578
8th Phase JP Nagar,1730.0,5.0,75.0,5,4335.260115606937
Sarjapur  Road,1320.0,2.0,110.0,2,8333.333333333334
Yeshwanthpur,1692.0,3.0,108.0,3,6382.978723404255
Bannerghatta Road,1400.0,3.0,69.0,3,4928.571428571428
Sarjapur  Road,1115.0,2.0,50.0,2,4484.304932735426
Whitefield,1370.0,2.0,56.0,2,4087.5912408759123
Thirumenahalli,1602.0,3.0,56.0,3,3495.6304619225966
"Hoodi Circle, ",793.0,1.0,40.0,1,5044.136191677176
GM Palaya,675.0,1.0,35.0,1,5185.185185185185
Chikka Tirupathi,3250.0,4.0,136.0,4,4184.615384615385
Whitefield,1050.0,2.0,43.0,2,4095.2380952380954
Jalahalli East,1035.0,2.0,42.5,2,4106.280193236715
Sarjapur  Road,1200.0,2.0,44.0,3,3666.6666666666665
Sarjapur  Road,1800.0,3.0,128.0,3,7111.111111111111
Green Glen Layout,1625.0,3.0,70.0,3,4307.692307692308
Electronics City Phase 1,1032.0,2.0,31.99,2,3099.8062015503874
Whitefield,1496.0,2.0,71.81,3,4800.133689839572
Kothnoor Dinne,1100.0,2.0,38.0,2,3454.5454545454545
Kundalahalli,1500.0,3.0,50.0,3,3333.3333333333335
Electronic City Phase II,1125.0,2.0,32.63,2,2900.444444444445
Chikka Banaswadi,1555.0,3.0,73.0,3,4694.5337620578775
Amruthahalli,1025.0,2.0,42.0,2,4097.5609756097565
Hennur Road,1482.0,2.0,83.73,3,5649.797570850203
Banagirinagar,1630.0,2.0,130.0,3,7975.460122699386
Arekere,900.0,2.0,44.5,2,4944.444444444444
Yelahanka,1355.0,2.0,75.0,3,5535.055350553505
1st Block Koramangala,2360.0,4.0,601.0,4,25466.101694915254
Akshaya Nagar,1200.0,2.0,45.0,2,3750.0
Suraksha Nagar,1563.0,3.0,63.0,3,4030.7101727447216
Medaralli,1344.0,4.0,84.0,4,6250.0
6th block Koramangala,3000.0,3.0,400.0,3,13333.333333333334
5th Phase JP Nagar,812.0,2.0,42.0,2,5172.413793103448
Basaveshwara Nagar,1200.0,2.0,70.0,2,5833.333333333333
Yelahanka,3175.0,4.0,156.0,4,4913.385826771653
Marathahalli,1360.0,2.0,101.0,2,7426.470588235294
Hegde Nagar,1835.0,3.0,88.0,3,4795.6403269754765
Rachenahalli,1756.0,3.0,110.0,3,6264.236902050114
8th Phase JP Nagar,1296.0,2.0,51.83,3,3999.2283950617284
Haralur Road,1300.0,2.0,75.0,2,5769.2307692307695
Anandapura,1141.0,2.0,50.0,2,4382.120946538124
Poorna Pragna Layout,1270.0,2.0,50.79,3,3999.212598425197
Electronic City,1210.0,2.0,55.0,2,4545.454545454545
Hormavu,1310.0,2.0,67.0,2,5114.503816793893
Ejipura,1356.0,5.0,139.0,5,10250.737463126843
Magadi Road,1187.0,2.0,55.195,3,4649.957877000842
Gubbalala,1745.0,3.0,140.0,3,8022.9226361031515
KR Puram,1200.0,5.0,125.0,5,10416.666666666666
Raja Rajeshwari Nagar,1050.0,2.0,37.0,2,3523.809523809524
Banashankari,2400.0,4.0,500.0,4,20833.333333333332
Electronic City Phase II,1140.0,2.0,34.0,2,2982.4561403508774
Varthur,1210.0,2.0,54.0,2,4462.809917355372
Kasavanhalli,2035.0,3.0,142.0,3,6977.886977886978
Sarjapur,633.0,1.0,17.09,1,2699.8420221169035
Amruthahalli,485.0,1.0,19.5,1,4020.618556701031
Varthur,1112.0,2.0,40.0,2,3597.122302158273
Ullal Uppanagar,1200.0,2.0,82.0,2,6833.333333333333
Sarjapur  Road,2275.0,4.0,187.0,3,8219.78021978022
Doddanakundi Industrial Area 2,1419.0,3.0,85.0,3,5990.133897110642
Sri Sai Layout,1195.0,2.0,42.4,2,3548.1171548117154
Versova Layout,2020.0,3.0,270.0,3,13366.336633663366
Kundalahalli,1047.0,2.0,91.0,2,8691.499522445081
Thanisandra,1884.0,4.0,117.0,3,6210.1910828025475
Malleshpalya,1200.0,3.0,149.0,3,12416.666666666666
Bannerghatta Road,905.0,2.0,58.0,2,6408.839779005525
JP Nagar,1500.0,2.0,108.0,3,7200.0
Chikkajala,850.0,1.0,50.0,1,5882.35294117647
Bommasandra Industrial Area,1125.0,2.0,32.49,2,2888.0
Tindlu,1165.0,2.0,59.8,2,5133.0472103004295
Maruthi Sevanagar,933.0,2.0,55.0,2,5894.962486602358
Hennur Road,1305.0,2.0,77.0,3,5900.383141762452
Billekahalli,1125.0,2.0,65.0,2,5777.777777777777
BSM Extension,865.0,2.0,33.0,2,3815.0289017341042
Jigani,1245.0,3.0,66.0,3,5301.204819277108
Kalyan nagar,8840.0,2.0,300.0,2,3393.665158371041
Udayagiri,1145.0,2.0,60.0,3,5240.174672489083
AECS Layout,2000.0,3.0,90.0,3,4500.0
Hosa Road,625.0,1.0,43.68,1,6988.8
Kundalahalli,1724.0,3.0,128.0,3,7424.593967517401
Madiwala,400.0,1.0,75.0,1,18750.0
Sarjapur  Road,1270.0,2.0,54.0,3,4251.968503937008
Madiwala,1250.0,3.0,39.5,3,3160.0
Jakkur,1485.0,3.0,72.0,3,4848.484848484848
Shankarapuram,823.0,2.0,80.0,2,9720.534629404618
7th Phase JP Nagar,990.0,2.0,50.0,2,5050.50505050505
TC Palaya,1200.0,2.0,66.0,3,5500.0
Kothanur,1185.0,2.0,59.0,2,4978.9029535864975
Kadubeesanahalli,1140.0,2.0,78.0,2,6842.105263157895
Ambedkar Nagar,1950.0,4.0,120.0,3,6153.846153846154
Yelahanka,1756.0,3.0,125.0,3,7118.451025056947
Kumaraswami Layout,2600.0,4.0,300.0,4,11538.461538461539
Chandapura,520.0,1.0,14.04,1,2700.0
Doddakannelli,1025.0,2.0,48.0,2,4682.926829268293
Whitefield,1216.0,2.0,72.0,2,5921.0526315789475
Sarjapur  Road,1026.0,2.0,60.8,2,5925.925925925926
Sarjapur  Road,3335.0,4.0,300.0,4,8995.502248875562
Kodichikkanahalli,2700.0,4.0,125.0,5,4629.62962962963
Begur,1411.0,2.0,60.0,3,4252.303330970943
Kanakpura Road,1320.0,2.0,39.6,3,3000.0
Bannerghatta,1320.0,2.0,50.0,2,3787.878787878788
OMBR Layout,615.0,4.0,110.0,4,17886.17886178862
Kalena Agrahara,1804.0,3.0,155.0,3,8592.017738359202
HSR Layout,1140.0,2.0,46.0,2,4035.0877192982457
Banjara Layout,1200.0,4.0,105.0,4,8750.0
Hebbal,2375.0,4.0,189.0,4,7957.894736842105
Chamundi Nagar,1750.0,3.0,120.0,3,6857.142857142857
Wilson Garden,960.0,5.0,130.0,9,13541.666666666666
TC Palaya,1152.0,2.0,55.0,2,4774.305555555556
Thanisandra,965.0,2.0,54.0,2,5595.854922279793
Lingadheeranahalli,1684.0,3.0,120.0,3,7125.890736342043
Hennur Road,1672.0,3.0,86.0,3,5143.540669856459
Panathur,1075.0,2.0,60.0,2,5581.395348837209
Sarjapur,1500.0,5.0,95.0,3,6333.333333333333
HOSUR MAIN ROAD,1464.0,3.0,56.0,3,3825.136612021858
Hebbal,1420.0,2.0,99.26,2,6990.140845070423
Nagashetty Halli,750.0,2.0,40.0,2,5333.333333333333
Yeshwanthpur,1169.0,2.0,64.08,2,5481.6082121471345
Devanahalli,1290.0,2.0,62.0,3,4806.201550387597
Kengeri,1160.0,2.0,40.6,2,3500.0
Shampura,2800.0,5.0,95.0,7,3392.8571428571427
Mysore Road,1500.0,3.0,70.0,3,4666.666666666667
Domlur,1850.0,3.0,180.0,3,9729.72972972973
Venkatapura,1300.0,3.0,46.0,3,3538.4615384615386
Electronic City Phase II,1310.0,2.0,37.84,3,2888.549618320611
RMV,2750.0,5.0,550.0,3,20000.0
Bhoopsandra,2150.0,3.0,170.0,3,7906.976744186047
5th Block Hbr Layout,5100.0,5.0,300.0,6,5882.35294117647
Kanakpura Road,1300.0,2.0,69.0,3,5307.692307692308
Kadugodi,1875.0,2.0,110.0,3,5866.666666666667
Hulimavu,1260.0,2.0,82.0,3,6507.936507936508
Kengeri,2500.0,4.0,100.0,5,4000.0
Begur Road,1241.0,2.0,64.0,2,5157.13134568896
Sarjapur  Road,1025.0,2.0,45.5,2,4439.024390243902
Postal Colony,1500.0,1.0,218.0,2,14533.333333333334
Electronic City,1070.0,2.0,60.0,2,5607.476635514019
Begur,815.0,2.0,40.0,2,4907.9754601227
Kanakpura Road,2000.0,3.0,105.0,3,5250.0
Malleshwaram,1400.0,2.0,190.0,2,13571.42857142857
Varthur,1740.0,4.0,175.0,4,10057.471264367816
ITPL,5667.5,5.0,300.0,4,5293.33921482135
Sarjapur  Road,1216.0,2.0,70.0,2,5756.578947368421
pavitra paradise,2200.0,2.0,190.0,3,8636.363636363636
Hegde Nagar,3500.0,5.0,450.0,4,12857.142857142857
Shampura,970.0,6.0,105.0,6,10824.742268041236
Vidyaranyapura,3150.0,7.0,375.0,7,11904.761904761905
Kanakpura Road,1200.0,2.0,62.0,2,5166.666666666667
Marathahalli,1026.0,2.0,50.18,2,4890.83820662768
Hulimavu,450.0,1.0,20.0,1,4444.444444444444
KR Puram,1205.0,2.0,45.79,2,3800.0
Jakkur Plantation,1368.0,2.0,87.0,2,6359.649122807017
Anekal,420.0,1.0,12.5,1,2976.190476190476
Doddakallasandra,1270.0,2.0,42.0,2,3307.0866141732286
Anekal,614.0,1.0,28.0,2,4560.260586319218
Margondanahalli,1050.0,2.0,58.0,2,5523.809523809524
Yelahanka,1408.0,2.0,58.0,2,4119.318181818182
Subramanyapura,1223.0,2.0,42.81,3,3500.408830744072
Reliaable Tranquil Layout,1507.0,3.0,80.0,3,5308.560053085601
kadubisnahalli,1160.0,2.0,57.0,2,4913.793103448276
Kithaganur,1200.0,3.0,70.0,3,5833.333333333333
Poorna Pragna Layout,960.0,2.0,50.0,2,5208.333333333333
NGR Layout,1021.0,2.0,46.0,2,4505.386875612145
Hegde Nagar,2162.03,4.0,129.0,3,5966.614709324107
Channasandra,1065.0,2.0,36.0,2,3380.281690140845
Attibele,400.0,1.0,10.25,1,2562.5
Bannerghatta Road,1465.0,2.0,75.0,3,5119.453924914676
Kanakpura Road,900.0,2.0,41.0,2,4555.555555555556
Marathahalli,1800.0,3.0,95.0,3,5277.777777777777
Amblipura,1175.0,2.0,83.0,2,7063.829787234043
Lavelle Road,6729.0,4.0,900.0,3,13374.944271065537
Vijayanagar,1500.0,4.0,360.0,4,24000.0
Sanjay nagar,1050.0,2.0,59.0,2,5619.047619047619
Electronic City Phase II,1400.0,2.0,40.43,3,2887.8571428571427
Indira Nagar,1650.0,3.0,150.0,3,9090.90909090909
KR Puram,1827.0,3.0,97.0,3,5309.250136836344
Thanisandra,1930.0,4.0,122.0,3,6321.243523316062
Mysore Road,883.0,2.0,37.0,2,4190.260475651189
Kengeri,550.0,1.0,16.75,1,3045.4545454545455
Electronic City,1400.0,2.0,40.44,3,2888.5714285714284
RMV 2nd Stage,1350.0,4.0,310.0,4,22962.962962962964
Kanakapura,1290.0,2.0,38.69,3,2999.2248062015506
Raja Rajeshwari Nagar,1021.0,3.0,59.0,3,5778.648383937317
Whitefield,1158.0,2.0,55.0,2,4749.568221070812
Varanasi,1200.0,4.0,99.0,5,8250.0
Nagarbhavi,1400.0,2.0,135.0,3,9642.857142857143
Doddaballapur,2400.0,3.0,200.0,4,8333.333333333334
Munnekollal,1200.0,2.0,57.9,3,4825.0
JP Nagar,1520.0,3.0,125.0,3,8223.684210526315
Thanisandra,777.0,1.0,38.46,1,4949.80694980695
EPIP Zone,2710.0,3.0,177.0,3,6531.365313653137
Kenchenahalli,1150.0,2.0,57.0,2,4956.521739130435
Yelahanka,1101.0,2.0,37.0,2,3360.581289736603
Mahalakshmi Layout,1200.0,2.0,110.0,3,9166.666666666666
Hebbal,1252.0,2.0,92.0,2,7348.242811501597
Marathahalli,1650.0,3.0,85.0,3,5151.515151515152
Marathahalli,1270.0,2.0,80.0,2,6299.212598425197
Tumkur Road,992.0,2.0,70.0,2,7056.451612903225
BEML Layout,2000.0,3.0,85.0,3,4250.0
Geddalahalli,893.0,2.0,34.5,2,3863.3818589025755
Bisuvanahalli,1075.0,2.0,41.49,3,3859.5348837209303
Kumaraswami Layout,3200.0,7.0,150.0,7,4687.5
Electronic City,1190.0,2.0,42.0,2,3529.4117647058824
Ashwathnagar,800.0,2.0,60.0,3,7500.0
Sarjapur  Road,1814.0,3.0,63.0,3,3472.9878721058435
Rahmath Nagar,1400.0,3.0,98.0,3,7000.0
Bommasandra,1400.0,6.0,252.0,5,18000.0
Murugeshpalya,1344.0,2.0,56.0,3,4166.666666666667
Whitefield,5400.0,5.0,475.0,4,8796.296296296296
Kanakpura Road,1843.0,3.0,95.0,3,5154.639175257732
Chikkadunnasandra,1138.0,2.0,32.0,2,2811.95079086116
Nagappa Reddy Layout,1495.0,2.0,70.0,3,4682.274247491639
Electronic City,880.0,2.0,19.0,2,2159.090909090909
Whitefield,1396.0,3.0,74.0,3,5300.859598853868
Garudachar Palya,1610.0,2.0,119.0,3,7391.304347826087
Tindlu,1050.0,2.0,55.0,2,5238.0952380952385
Kumbena Agrahara,1410.0,2.0,43.71,3,3100.0
Ramamurthy Nagar,1050.0,2.0,37.8,2,3599.9999999999995
Kumaraswami Layout,1310.0,2.0,85.0,3,6488.5496183206105
Yelahanka,1104.0,2.0,58.0,2,5253.623188405797
Hennur Road,1165.0,2.0,67.0,2,5751.07296137339
Kudlu,1027.0,2.0,44.0,2,4284.323271665044
Hormavu,1310.0,2.0,60.0,2,4580.152671755725
Chikkanahalli,1052.0,2.0,52.0,2,4942.9657794676805
Singasandra,1464.0,3.0,56.0,3,3825.136612021858
1st Block Koramangala,1000.0,2.0,45.0,2,4500.0
Jayanagar,2240.0,3.0,300.0,3,13392.857142857143
Electronic City,1150.0,2.0,38.08,2,3311.304347826087
Thanisandra,2019.0,3.0,70.67,3,3500.2476473501733
Varthur,986.0,2.0,31.0,2,3144.0162271805275
Banashankari Stage III,1350.0,1.0,145.0,1,10740.74074074074
9th Phase JP Nagar,800.0,8.0,140.0,8,17500.0
Akshaya Nagar,1893.0,4.0,95.0,3,5018.489170628632
Gollarapalya Hosahalli,1318.0,3.0,56.0,3,4248.86191198786
Yelahanka,1325.0,2.0,58.0,3,4377.358490566037
Kereguddadahalli,800.0,2.0,33.0,2,4125.0
Canara Bank Colony,1300.0,3.0,42.25,3,3250.0
Dodda Banaswadi,1300.0,2.0,60.0,3,4615.384615384615
Jalahalli East,1010.0,2.0,52.0,2,5148.514851485149
Banashankari,1260.0,2.0,75.0,2,5952.380952380952
Ulsoor,2500.0,4.0,170.0,4,6800.0
Halanayakanahalli,1520.0,3.0,165.0,3,10855.263157894737
Bellandur,1665.0,3.0,85.0,3,5105.105105105105
Subramanyapura,1800.0,3.0,80.0,3,4444.444444444444
Harlur,1197.0,2.0,75.0,2,6265.664160401003
Manayata Tech Park,1050.0,2.0,45.0,2,4285.714285714285
Manjunath Nagar,910.0,4.0,194.0,5,21318.68131868132
Thanisandra,1241.0,2.0,68.0,3,5479.45205479452
Maithri Layout,1567.0,2.0,62.0,3,3956.6049776643267
Kasavanhalli,1747.0,3.0,110.0,3,6296.508299942759
Ramagondanahalli,1475.0,2.0,55.0,3,3728.813559322034
Park View Layout,600.0,4.0,70.0,4,11666.666666666666
Xavier Layout,1524.0,4.0,400.0,3,26246.719160104985
Hennur Road,980.0,2.0,51.0,2,5204.081632653061
Dasanapura,966.0,2.0,58.0,2,6004.140786749483
Ferrar Nagar,2360.0,3.0,185.0,4,7838.983050847458
Sarjapur  Road,1112.0,2.0,62.0,2,5575.5395683453235
Electronic City,550.0,1.0,16.0,2,2909.090909090909
Surabhi Layout,1760.0,3.0,90.0,3,5113.636363636364
Hennur,1830.0,2.0,113.0,3,6174.863387978142
Yelahanka,1175.0,2.0,67.77,2,5767.659574468085
Whitefield,1175.0,2.0,41.0,2,3489.3617021276596
Horamavu Banaswadi,1025.0,2.0,45.0,2,4390.243902439024
Hennur Road,1232.0,2.0,80.0,2,6493.506493506494
5th Phase JP Nagar,1010.0,2.0,57.0,2,5643.564356435643
Sarjapur  Road,1273.0,2.0,60.0,2,4713.275726630008
Battarahalli,1590.0,2.0,102.0,2,6415.094339622641
Air View Colony,1100.0,2.0,58.5,2,5318.181818181818
Electronic City Phase II,1252.0,2.0,65.0,3,5191.693290734825
1st Phase JP Nagar,2615.0,5.0,222.0,4,8489.483747609942
Arishinakunte,1200.0,6.0,140.0,5,11666.666666666666
Yelahanka,1322.0,2.0,77.9,2,5892.586989409986
7th Phase JP Nagar,1000.0,1.0,60.0,1,6000.0
Harlur,1755.0,3.0,117.0,3,6666.666666666667
Electronic City Phase II,1135.0,2.0,46.0,2,4052.863436123348
Rajaji Nagar,1200.0,10.0,180.0,8,15000.0
Electronic City,1200.0,4.0,125.0,4,10416.666666666666
Nagavarapalya,1260.0,2.0,85.5,2,6785.714285714285
Hoodi,3250.0,5.0,395.0,5,12153.846153846154
Ambedkar Nagar,3500.0,4.0,550.0,4,15714.285714285714
Manjunath Nagar,1200.0,6.0,110.0,5,9166.666666666666
Kanakpura Road,1100.0,2.0,53.0,3,4818.181818181818
Electronic City Phase II,1305.0,3.0,65.0,3,4980.842911877395
Ayappa Nagar,1236.0,2.0,50.0,2,4045.3074433656957
Uttarahalli,1125.0,1.0,45.0,2,4000.0
KR Puram,1075.0,2.0,32.25,2,3000.0
BEML Layout,2000.0,3.0,85.0,3,4250.0
Kadugondanahalli,772.0,5.0,60.0,8,7772.020725388601
Thanisandra,2999.97,6.0,110.0,6,3666.703333700004
Kadugodi,1150.0,2.0,42.0,2,3652.1739130434785
9th Block Jayanagar,1440.0,4.0,240.0,4,16666.666666666668
Hennur Road,1085.0,2.0,43.4,2,4000.0
Hebbal Kempapura,1785.0,3.0,165.0,3,9243.697478991597
Malleshwaram,2475.0,4.0,300.0,3,12121.212121212122
Thanisandra,1930.0,4.0,120.0,3,6217.616580310881
4th Phase JP Nagar,600.0,4.0,70.0,2,11666.666666666666
Kadugondanahalli,800.0,1.0,45.0,2,5625.0
Kumaraswami Layout,2450.0,3.0,110.0,4,4489.7959183673465
akshaya nagar t c palya,1200.0,4.0,120.0,4,10000.0
Bannerghatta Road,1920.0,3.0,122.0,3,6354.166666666667
Kothannur,1085.0,2.0,34.2,2,3152.0737327188945
Thanisandra,760.0,1.0,50.4,1,6631.578947368421
Sahakara Nagar,1201.0,2.0,80.0,2,6661.1157368859285
Electronic City,1615.0,3.0,97.0,3,6006.1919504643965
HSR Layout,1289.0,2.0,70.0,2,5430.566330488751
Budigere,1991.0,4.0,100.0,3,5022.601707684581
Kasavanhalli,1377.0,2.0,80.0,2,5809.731299927378
Cunningham Road,2880.0,3.0,560.0,3,19444.444444444445
Laxmi Sagar Layout,1892.0,3.0,200.0,3,10570.824524312897
Shivaji Nagar,2176.0,3.0,348.0,3,15992.64705882353
Thanisandra,663.0,1.0,32.82,1,4950.226244343891
Electronic City,1165.0,2.0,33.65,2,2888.412017167382
Talaghattapura,3554.0,4.0,340.0,3,9566.685424873382
Thanisandra,1260.0,2.0,45.5,2,3611.1111111111113
Volagerekallahalli,1095.0,2.0,39.0,2,3561.6438356164385
KR Garden,1050.0,2.0,65.0,2,6190.476190476191
Seegehalli,1176.0,2.0,50.0,2,4251.700680272109
Thanisandra,1801.0,3.0,115.0,3,6385.341476957246
Whitefield,1315.0,2.0,55.0,2,4182.509505703422
Parappana Agrahara,1194.0,2.0,46.0,2,3852.5963149078725
NRI Layout,2400.0,2.0,125.0,2,5208.333333333333
Uttarahalli,1308.0,2.0,53.0,3,4051.987767584098
Sarjapur  Road,4250.0,4.0,610.0,4,14352.941176470587
Thanisandra,1806.0,6.0,116.0,3,6423.034330011074
Thanisandra,3671.0,4.0,220.0,4,5992.917461182239
Hoodi,2144.0,3.0,140.0,3,6529.850746268657
Hoskote,1065.0,2.0,33.75,2,3169.0140845070423
Balagere,1205.0,2.0,67.0,2,5560.165975103734
Uttarahalli,1160.0,2.0,40.58,2,3498.2758620689656
Kanaka Nagar,750.0,4.0,90.0,4,12000.0
Parappana Agrahara,1194.0,2.0,47.0,2,3936.348408710218
mvj engineering college,1200.0,3.0,56.53,3,4710.833333333333
2nd Phase Judicial Layout,1681.0,3.0,69.0,3,4104.699583581201
Bommasandra Industrial Area,1130.0,2.0,32.64,2,2888.495575221239
Iblur Village,3633.0,5.0,335.0,4,9221.029452243325
Kanakpura Road,1843.0,3.0,90.0,3,4883.342376559956
Bommasandra Industrial Area,1065.0,2.0,30.75,2,2887.323943661972
Thubarahalli,1885.0,3.0,85.52,3,4536.870026525199
R.T. Nagar,1500.0,2.0,45.0,2,3000.0
Panathur,1210.0,2.0,69.0,2,5702.479338842975
TC Palaya,1126.0,2.0,39.4,2,3499.1119005328596
Rayasandra,1357.0,2.0,59.0,3,4347.826086956522
Whitefield,1451.0,2.0,46.4,3,3197.7946243969677
Kodigehaali,1600.0,3.0,185.0,4,11562.5
Hennur Road,950.0,2.0,55.0,2,5789.473684210527
Bellandur,960.0,2.0,48.0,2,5000.0
2nd Block Bel Layout,1625.0,3.0,92.0,3,5661.538461538462
Kaggalipura,2200.0,4.0,150.0,3,6818.181818181818
Ambalipura,1607.0,2.0,112.0,3,6969.508400746733
Kanakpura Road,900.0,2.0,46.29,2,5143.333333333333
Shree Ananth Nagar Layout,1080.0,2.0,38.0,2,3518.5185185185187
Cooke Town,2300.0,3.0,250.0,3,10869.565217391304
Hosa Road,1708.0,3.0,64.05,4,3750.0
Yeshwanthpur,2500.0,5.0,185.0,6,7400.0
Bellandur,1690.0,2.0,116.0,3,6863.905325443787
RR Layout,2100.0,3.0,145.0,5,6904.761904761905
4th Block Koramangala,1269.0,2.0,97.0,2,7643.81402679275
Haralur Road,1243.0,2.0,46.0,2,3700.7240547063557
Haralur Road,1890.0,3.0,84.0,3,4444.444444444444
Electronic City Phase II,1165.0,2.0,33.64,2,2887.5536480686696
BTM Layout,1196.0,2.0,56.81,2,4750.0
Parappana Agrahara,1194.0,2.0,47.0,2,3936.348408710218
Old Madras Road,1630.0,3.0,110.0,3,6748.4662576687115
Whitefield,1063.0,2.0,42.52,2,4000.0
Shikaripalya,1025.0,2.0,39.98,2,3900.4878048780483
Chikkabanavar,1067.0,2.0,38.0,2,3561.3870665417057
Kanakpura Road,1299.0,2.0,89.63,2,6899.923017705928
Panathur,1343.0,2.0,76.0,2,5658.972449739389
Electronics City Phase 1,1330.0,2.0,44.0,3,3308.2706766917295
Mallasandra,1524.0,2.0,72.0,3,4724.4094488188975
Lingadheeranahalli,2236.0,4.0,153.0,4,6842.57602862254
Domlur,2955.0,3.0,235.0,3,7952.622673434857
Raja Rajashweri Nagar,1410.0,2.0,45.12,3,3200.0
Kothanur,1581.0,3.0,76.0,3,4807.084123972169
Balagere,1205.0,2.0,79.0,2,6556.016597510374
Thyagaraja Nagar,1270.0,2.0,95.25,3,7500.0
VHBCS Layout,1353.0,2.0,110.0,3,8130.081300813008
Jinkethimmanahalli,1200.0,2.0,68.0,2,5666.666666666667
basaveshwarnagar,1250.0,2.0,70.0,3,5600.0
Gopalapura,1950.2,3.0,261.0,3,13383.242744333915
Sarjapur  Road,1157.0,2.0,69.0,3,5963.699222126188
Kanakapura,825.0,1.0,35.475,1,4300.0
Sarjapur  Road,1000.0,2.0,40.0,2,4000.0
Yelahanka,602.0,1.0,33.0,1,5481.72757475083
Malleshwaram,3000.0,4.0,900.0,5,30000.0
Hoodi,1108.0,2.0,66.46,2,5998.194945848375
Thyagaraja Nagar,1040.0,2.0,68.0,2,6538.461538461538
Sarjapur,1451.0,2.0,87.0,2,5995.864920744314
Raja Rajeshwari Nagar,1196.0,2.0,40.54,2,3389.632107023411
Kanakpura Road,850.0,1.0,37.32,1,4390.588235294118
Gopalapura,2171.66,3.0,298.0,3,13722.221710580847
Kanaka Nagar,900.0,2.0,40.0,2,4444.444444444444
Kudlu,720.0,1.0,33.0,1,4583.333333333333
Thanisandra,1573.0,3.0,115.0,3,7310.870947234584
Sarjapur  Road,1026.0,2.0,60.8,2,5925.925925925926
CV Raman Nagar,1400.0,2.0,78.0,3,5571.428571428572
Electronic City Phase II,1400.0,2.0,40.44,3,2888.5714285714284
Banashankari Stage III,2100.0,3.0,147.0,4,7000.0
Sarjapur  Road,1150.0,2.0,48.5,2,4217.391304347826
Raja Rajeshwari Nagar,1500.0,3.0,88.0,3,5866.666666666667
Malleshwaram,2400.0,3.0,380.0,3,15833.333333333334
HRBR Layout,1200.0,3.0,240.0,3,20000.0
Kothanur,1790.0,3.0,105.0,3,5865.921787709497
Ramagondanahalli,1125.0,2.0,75.0,2,6666.666666666667
Hennur,1830.5,3.0,84.205,3,4600.109259765091
Marathahalli,1100.0,2.0,50.0,2,4545.454545454545
Banaswadi,1105.0,2.0,57.0,2,5158.371040723982
Thanisandra,1110.0,2.0,46.5,2,4189.189189189189
Dasanapura,708.0,1.0,41.0,1,5790.960451977401
Kudlu,1027.0,2.0,44.0,2,4284.323271665044
"Banashankari 3rd stage, Vivekanandanagar",1600.0,3.0,100.0,3,6250.0
Thigalarapalya,3122.0,6.0,250.0,4,8007.687379884689
Sarjapur  Road,1205.0,2.0,37.0,2,3070.539419087137
5th Phase JP Nagar,1450.0,2.0,73.0,3,5034.482758620689
Thyagaraja Nagar,750.0,4.0,125.0,4,16666.666666666668
Annaiah Reddy Layout,540.0,1.0,22.0,1,4074.074074074074
Dasarahalli,1200.0,2.0,42.0,2,3500.0
Nagarbhavi,1200.0,5.0,260.0,5,21666.666666666668
Kalena Agrahara,1837.0,2.0,95.0,3,5171.475231355471
Whitefield,1346.0,2.0,76.01,2,5647.102526002973
Balagere,1012.0,2.0,68.0,2,6719.367588932806
Gopalapura,1950.2,3.0,193.0,3,9896.420879909752
Atmananda Colony,1125.0,2.0,55.0,2,4888.888888888889
Kaggadasapura,1500.0,2.0,60.0,3,4000.0
Harlur,1197.0,2.0,79.9,2,6675.020885547202
Chandapura,1230.0,2.0,31.37,3,2550.4065040650407
BTM 2nd Stage,1100.0,2.0,47.0,2,4272.727272727273
Channasandra Layout,1563.0,2.0,52.0,3,3326.935380678183
4th Block Jayanagar,2240.0,4.0,700.0,7,31250.0
Hebbal Kempapura,3729.0,4.0,384.0,4,10297.666934835077
Sarjapur  Road,1600.0,3.0,120.0,3,7500.0
Green Glen Layout,1715.0,3.0,120.0,3,6997.084548104956
Bannerghatta Road,2400.0,4.0,180.0,4,7500.0
Ramagondanahalli,1151.0,2.0,42.5,2,3692.44135534318
Banaswadi,1200.0,6.0,220.0,6,18333.333333333332
Uttarahalli,1123.0,2.0,60.0,2,5342.831700801425
Whitefield,1276.0,2.0,69.5,2,5446.7084639498435
Yelahanka,1315.0,2.0,77.0,2,5855.513307984791
Poorna Pragna Layout,1270.0,2.0,50.79,3,3999.212598425197
R.T. Nagar,1325.0,2.0,52.0,2,3924.5283018867926
Varthur,1600.0,3.0,63.2,3,3950.0
Jakkur,1660.0,3.0,104.0,3,6265.060240963855
Kodichikkanahalli,1299.0,2.0,58.0,2,4464.973056197075
Haralur Road,953.0,2.0,90.0,2,9443.861490031479
Gunjur,1457.0,2.0,60.0,2,4118.050789293068
Varthur,1000.0,1.0,65.0,2,6500.0
Mallasandra,1100.0,2.0,76.3,3,6936.363636363636
Yelahanka,1075.0,2.0,33.53,3,3119.0697674418607
Kanakpura Road,1450.0,3.0,51.0,3,3517.2413793103447
Iblur Village,5515.0,6.0,425.0,5,7706.255666364461
Bellandur,950.0,1.0,40.0,1,4210.526315789473
Basaveshwara Nagar,1200.0,3.0,180.0,5,15000.0
Amam Enclave Layout,1013.0,2.0,60.0,2,5923.000987166831
Hennur Road,1140.0,2.0,56.0,2,4912.2807017543855
4th T block Jayanagar,2100.0,3.0,220.0,3,10476.190476190477
Yelahanka,1430.0,3.0,61.0,3,4265.734265734266
Ilyas Nagar,600.0,3.0,95.0,4,15833.333333333334
Anantapura,1600.0,3.0,77.0,3,4812.5
Ayappa Nagar,1190.0,2.0,48.0,2,4033.6134453781515
Ashwath Nagar,1625.0,3.0,95.0,3,5846.153846153846
Classic Paradise Layout,1210.0,2.0,53.0,2,4380.165289256199
Lakshminarayana Pura,1615.0,3.0,150.0,3,9287.925696594428
Kalena Agrahara,1180.0,2.0,85.0,2,7203.389830508475
Nagasandra,1500.0,2.0,91.0,2,6066.666666666667
Bellandur,850.0,2.0,45.0,2,5294.117647058823
Kothanur,1130.0,2.0,55.0,2,4867.256637168141
CV Raman Nagar,907.0,2.0,38.0,2,4189.636163175303
HRBR Layout,1300.0,2.0,90.0,2,6923.076923076923
Hennur Road,1891.0,3.0,110.0,3,5817.028027498678
Hennur Road,1735.0,3.0,78.0,3,4495.677233429395
Bisuvanahalli,1075.0,2.0,33.0,3,3069.767441860465
Kumaraswami Layout,2040.0,4.0,123.0,7,6029.411764705882
Uttarahalli,1590.0,3.0,57.0,3,3584.9056603773583
Jayanti Nagar,1600.0,5.0,140.0,5,8750.0
Doddakammanahalli,1160.0,2.0,55.0,2,4741.379310344828
Tasker Town,930.0,1.0,55.0,2,5913.978494623656
Devanahalli,1010.0,2.0,58.0,2,5742.574257425743
Electronic City,1221.0,2.0,68.0,2,5569.205569205569
Banashankari,2400.0,4.0,470.0,4,19583.333333333332
Hoodi,1108.0,2.0,87.48,2,7895.306859205776
Vidyaranyapura,1000.0,4.0,120.0,4,12000.0
Sarjapur  Road,1370.0,2.0,70.0,2,5109.489051094891
Banashankari Stage V,920.0,2.0,41.5,2,4510.869565217391
Bhoganhalli,1277.0,2.0,79.89,2,6256.068911511355
Horamavu Agara,1213.0,2.0,38.1,2,3140.9727947238252
Singasandra,1653.0,3.0,85.0,3,5142.165759225651
Sarjapur,2400.0,3.0,140.0,4,5833.333333333333
1st Block Koramangala,3000.0,5.0,500.0,4,16666.666666666668
Kothanur,1600.0,4.0,250.0,4,15625.0
Electronics City Phase 1,1321.0,2.0,40.0,3,3028.009084027252
Kanakpura Road,1570.0,3.0,68.0,3,4331.210191082802
Hessarghatta,1150.0,8.0,70.0,8,6086.95652173913
Nallurhalli,1053.0,2.0,44.0,2,4178.537511870845
Hoysalanagar,1325.0,2.0,56.0,3,4226.415094339623
manyata,1169.0,2.0,50.11,2,4286.569717707443
Badavala Nagar,1274.0,2.0,90.0,2,7064.36420722135
Whitefield,1317.0,2.0,52.0,2,3948.3675018982535
Lakshminarayana Pura,1195.0,2.0,75.0,2,6276.150627615063
Whitefield,2858.0,4.0,137.0,4,4793.561931420574
Kammasandra,940.0,2.0,35.0,2,3723.404255319149
Budigere,1820.0,3.0,95.5,3,5247.252747252747
Kanakpura Road,1450.0,3.0,53.6,3,3696.551724137931
Whitefield,1615.0,3.0,96.9,3,6000.0
Nagarbhavi,2200.0,2.0,99.0,3,4500.0
Subramanyapura,985.0,2.0,62.5,2,6345.177664974619
Electronics City Phase 1,1116.0,2.0,33.0,2,2956.989247311828
Attibele,656.0,2.0,25.0,2,3810.9756097560976
Kaggadasapura,1105.0,2.0,39.5,2,3574.660633484163
Whitefield,1220.0,2.0,55.0,2,4508.196721311476
Hoodi,1400.0,3.0,74.0,3,5285.714285714285
Bhuvaneswari Nagar,2400.0,3.0,185.0,4,7708.333333333333
Anandapura,850.0,3.0,63.0,3,7411.764705882353
Uttarahalli,1000.0,2.0,35.0,2,3500.0
Bannerghatta Road,1660.0,3.0,80.0,3,4819.277108433735
Uttarahalli,1330.0,2.0,57.0,3,4285.714285714285
Old Madras Road,1165.0,2.0,52.0,2,4463.519313304721
Budigere,1153.0,2.0,56.0,2,4856.895056374675
Bannerghatta Road,1270.0,2.0,45.0,2,3543.3070866141734
2nd Phase JP Nagar,1070.0,2.0,38.0,2,3551.4018691588785
RWF West Colony,1427.0,2.0,85.0,3,5956.552207428171
Banashankari Stage III,1420.0,2.0,95.0,3,6690.140845070423
Kothanur,1600.0,5.0,130.0,4,8125.0
Langford Town,2031.0,2.0,200.0,2,9847.365829640572
Bellandur,1454.0,2.0,90.0,2,6189.821182943604
Whitefield,1116.0,2.0,48.76,2,4369.1756272401435
Maruthi Sevanagar,2000.0,3.0,180.0,4,9000.0
Sarjapur  Road,1346.0,2.0,74.03,2,5500.0
Hessarghatta,1062.0,2.0,50.0,2,4708.097928436911
 Mysore Highway,700.0,1.0,25.5,1,3642.8571428571427
JP Nagar,1405.0,2.0,99.0,2,7046.26334519573
Doddathoguru,1100.0,2.0,50.0,2,4545.454545454545
Chikka Tirupathi,2153.0,4.0,120.0,3,5573.61820715281
Kammagondahalli,1200.0,3.0,120.0,3,10000.0
Ulsoor,2135.0,3.0,170.0,3,7962.529274004683
Uttarahalli,1125.0,2.0,47.0,2,4177.777777777777
2nd Phase Judicial Layout,1350.0,2.0,47.25,3,3500.0
Pai Layout,1068.0,2.0,48.0,2,4494.38202247191
Doddathoguru,940.0,2.0,32.9,2,3500.0
Hosa Road,1063.0,2.0,32.79,2,3084.6660395108183
Brookefield,1382.0,2.0,84.5,2,6114.3270622286545
Harlur,936.0,2.0,45.0,2,4807.692307692308
KR Puram,1400.0,2.0,60.0,3,4285.714285714285
Sarjapur  Road,475.0,1.0,26.0,1,5473.684210526316
LIC Colony,1200.0,2.0,115.0,2,9583.333333333334
Glass Factory Layout,1450.0,3.0,65.0,3,4482.758620689655
Kudlu,1162.0,2.0,52.0,2,4475.043029259897
Hosa Road,1161.0,2.0,48.75,2,4198.966408268734
Green Glen Layout,1623.29,2.0,105.0,3,6468.345150897252
Brookefield,1260.0,2.0,70.0,2,5555.555555555556
Billekahalli,1672.0,3.0,190.0,4,11363.636363636364
Seegehalli,3000.0,4.0,240.0,3,8000.0
Murugeshpalya,1500.0,2.0,70.0,3,4666.666666666667
Budigere,705.0,1.0,34.545,1,4900.0
Gaurava Nagar,1650.0,6.0,200.0,5,12121.212121212122
Dollars Colony,2000.0,3.0,200.0,3,10000.0
Thyagaraja Nagar,1675.0,1.0,241.0,1,14388.059701492537
Electronic City,1200.0,3.0,150.0,3,12500.0
Nagarbhavi,1100.0,2.0,46.2,2,4200.0
Whitefield,1400.0,2.0,56.0,3,4000.0
Ramagondanahalli,2257.0,3.0,155.0,3,6867.523260965884
Budigere,1153.0,2.0,56.5,2,4900.260190806592
Sarjapur  Road,1197.0,2.0,56.86,2,4750.208855472013
Siddapura,1150.0,2.0,90.0,2,7826.086956521739
Akshayanagara East,595.0,1.0,40.0,1,6722.689075630252
Hoodi,1837.0,3.0,110.0,3,5988.023952095808
Kumbalgodu,3750.0,4.0,190.0,4,5066.666666666667
Bellandur,1830.0,3.0,91.86,3,5019.672131147541
Green Glen Layout,1715.0,3.0,115.0,3,6705.539358600583
Electronic City,970.0,2.0,35.0,2,3608.2474226804125
Hebbal Kempapura,1200.0,3.0,148.0,4,12333.333333333334
NRI Layout,2700.0,5.0,95.75,4,3546.296296296296
Siddapura,5480.0,4.0,400.0,3,7299.270072992701
Vidyaranyapura,2400.0,5.0,135.0,4,5625.0
Sarjapur  Road,3040.0,4.0,135.0,4,4440.789473684211
Raja Rajeshwari Nagar,1168.0,2.0,66.0,2,5650.684931506849
Begur Road,1160.0,2.0,36.54,2,3150.0
Mallappa Layout,1500.0,3.0,75.0,3,5000.0
Kumaraswami Layout,600.0,2.0,72.0,2,12000.0
5th Phase JP Nagar,1200.0,7.0,250.0,8,20833.333333333332
ITPL,850.0,2.0,25.4,2,2988.235294117647
Ramamurthy Nagar,935.0,2.0,39.0,2,4171.122994652406
Ullal Road,1200.0,5.0,235.0,5,19583.333333333332
Doddaballapur,654.0,1.0,49.0,1,7492.354740061162
Domlur,1650.0,3.0,180.0,3,10909.09090909091
Dodsworth Layout,5656.0,5.0,499.0,3,8822.489391796322
Vinayak Nagar,1300.0,2.0,33.0,2,2538.4615384615386
Kaggalipura,950.0,2.0,60.0,2,6315.789473684211
Silk Board,1250.0,3.0,54.0,3,4320.0
Doddakallasandra,1072.0,2.0,42.87,2,3999.0671641791046
Ankappa Layout,1425.0,2.0,65.0,3,4561.403508771929
Uttarahalli,1165.0,1.0,42.09,2,3612.8755364806866
Kathriguppe,1390.0,2.0,69.49,3,4999.2805755395675
Kalena Agrahara,1510.0,3.0,78.0,3,5165.562913907284
Thanisandra,1305.0,2.0,90.0,2,6896.551724137931
Vidyaranyapura,1200.0,6.0,170.0,6,14166.666666666666
Kodigehaali,866.0,2.0,32.0,2,3695.150115473441
Hulimavu,1231.0,2.0,84.5,2,6864.337936636881
Sompura,1360.0,2.0,45.0,3,3308.823529411765
Yeshwanthpur,2500.0,3.0,138.0,3,5520.0
Whitefield,1140.0,2.0,55.0,2,4824.561403508772
Kanakpura Road,525.0,1.0,30.0,1,5714.285714285715
Whitefield,1295.0,2.0,64.5,2,4980.694980694981
Hormavu,1020.0,2.0,45.75,2,4485.294117647059
Old Airport Road,3504.0,4.0,262.0,4,7477.16894977169
Sidedahalli,1200.0,1.0,50.0,2,4166.666666666667
Vidyaranyapura,1100.0,2.0,41.0,2,3727.2727272727275
Bannerghatta Road,4723.0,4.0,500.0,4,10586.491636671608
Kothannur,820.0,2.0,37.0,2,4512.195121951219
Sarjapur,3508.0,4.0,386.0,4,11003.420752565564
Versova Layout,3700.0,4.0,400.0,4,10810.81081081081
Kalena Agrahara,1354.0,2.0,70.0,2,5169.8670605613
Basavangudi,2453.0,3.0,250.0,4,10191.602119853242
Garudachar Palya,1154.0,2.0,51.8,2,4488.734835355286
7th Phase JP Nagar,1680.0,2.0,92.0,3,5476.190476190476
Electronics City Phase 1,1205.0,2.0,60.0,2,4979.253112033195
Raja Rajeshwari Nagar,1400.0,2.0,86.0,3,6142.857142857143
Doopanahalli,1625.0,3.0,150.0,3,9230.76923076923
Electronic City,1500.0,3.0,73.0,3,4866.666666666667
Bannerghatta Road,1520.0,2.0,80.0,3,5263.1578947368425
3rd Stage Raja Rajeshwari Nagar,1300.0,3.0,65.0,2,5000.0
Manayata Tech Park,1150.0,2.0,47.0,2,4086.9565217391305
Kadugodi,1762.0,3.0,109.0,3,6186.152099886493
Budigere,1153.0,2.0,58.0,2,5030.3555941023415
Yelahanka,2650.0,4.0,223.0,4,8415.094339622641
Sompura,1350.0,2.0,47.0,3,3481.4814814814813
Billekahalli,950.0,2.0,56.0,2,5894.736842105263
Jakkur,3295.0,3.0,310.0,3,9408.194233687405
Coconut Grove Layout,1515.0,3.0,80.5,3,5313.531353135313
Neeladri Nagar,1100.0,2.0,30.0,2,2727.2727272727275
Byrasandra,1250.0,2.0,65.0,2,5200.0
HBR Layout,1200.0,2.0,120.0,2,10000.0
5th Phase JP Nagar,2500.0,8.0,95.0,7,3800.0
Hoskote,1200.0,4.0,100.0,4,8333.333333333334
Yelahanka,1355.0,2.0,51.5,3,3800.7380073800737
Dominic Layout,1115.0,3.0,39.14,3,3510.3139013452915
8th Phase JP Nagar,1275.0,3.0,45.0,3,3529.4117647058824
Padmanabhanagar,2051.0,3.0,170.0,3,8288.639687957095
BTM Layout,1470.0,2.0,99.0,3,6734.693877551021
Silver Springs Layout,1550.0,2.0,70.0,3,4516.129032258064
Bannerghatta Road,1270.0,2.0,73.0,3,5748.031496062992
Bhoganhalli,2119.0,4.0,111.0,4,5238.319962246343
Hebbal Kempapura,1600.0,3.0,170.0,3,10625.0
Kudlu Gate,1320.0,2.0,50.0,3,3787.878787878788
Gopalkrishna Nagar,2505.0,3.0,165.0,3,6586.826347305389
Tejaswini Nagar,1410.0,2.0,54.0,3,3829.7872340425533
Whitefield,1200.0,2.0,70.0,2,5833.333333333333
Chennammana Kere,1705.0,2.0,86.96,3,5100.2932551319645
Electronic City,995.0,2.0,48.0,2,4824.120603015075
Horamavu Banaswadi,1081.0,2.0,52.0,2,4810.360777058279
Parappana Agrahara,1194.0,2.0,46.0,2,3852.5963149078725
Sonnenahalli,605.0,1.0,30.24,1,4998.347107438017
Yelahanka,567.0,1.0,25.0,1,4409.171075837742
Rajaji Nagar,1718.0,3.0,275.0,2,16006.9848661234
Banashankari Stage VI,1410.5,2.0,70.385,3,4990.074441687346
2nd Stage Nagarbhavi,600.0,5.0,135.0,3,22500.0
Green Glen Layout,1715.0,3.0,105.0,3,6122.448979591837
Doddaballapur,3206.0,5.0,270.0,4,8421.70929507174
Kundalahalli,1500.0,4.0,235.0,4,15666.666666666666
Bannerghatta Road,1846.0,3.0,120.0,3,6500.541711809317
Coconut Garden,600.0,3.0,90.0,3,15000.0
Whitefield,1015.0,2.0,56.0,2,5517.241379310345
Dollars Colony,4350.0,8.0,2600.0,4,59770.11494252874
Thanisandra,1100.0,2.0,36.0,2,3272.7272727272725
Thanisandra,1965.0,4.0,125.0,3,6361.323155216285
NGR Layout,1021.0,2.0,45.9,2,4495.592556317336
Haralur Road,1230.0,2.0,67.65,2,5500.000000000001
Uttarahalli,1260.0,2.0,55.0,2,4365.079365079365
Indira Nagar,2400.0,4.0,700.0,4,29166.666666666668
Lingadheeranahalli,1894.0,4.0,114.0,3,6019.007391763464
2nd Stage Nagarbhavi,1500.0,4.0,233.0,6,15533.333333333334
Jakkur,1950.0,3.0,131.0,3,6717.948717948718
Sector 2 HSR Layout,1231.0,2.0,66.0,2,5361.494719740049
Mahadevpura,1236.0,2.0,58.0,2,4692.556634304207
R.T. Nagar,1800.0,3.0,120.0,4,6666.666666666667
KAMAKIYA,1650.0,3.0,135.0,3,8181.818181818182
Kirloskar Layout,750.0,3.0,88.0,5,11733.333333333334
Begur,1443.0,2.0,70.0,3,4851.004851004851
Ramamurthy Nagar,886.0,4.0,120.0,4,13544.018058690745
Wheelers Road,925.0,2.0,68.0,2,7351.351351351352
Chandapura,1305.0,3.0,33.28,3,2550.191570881226
Alfa Garden Layout,1190.0,2.0,46.41,2,3900.0
Uttarahalli,1284.0,2.0,53.36,2,4155.763239875389
MM Layout,350.0,3.0,45.0,4,12857.142857142857
Palace Guttahalli,875.0,3.0,115.0,3,13142.857142857143
Chikkalasandra,1325.0,2.0,59.0,2,4452.830188679245
Sector 6 HSR Layout,2400.0,5.0,750.0,6,31250.0
Kudlu Gate,1183.0,2.0,79.54,2,6723.584108199494
Rajiv Gandhi Nagar,1750.0,3.0,100.0,3,5714.285714285715
Nagashetty Halli,16335.0,4.0,149.0,4,912.1518212427303
Doddagubbi,747.0,1.0,27.0,1,3614.4578313253014
Electronic City,1342.0,2.0,90.0,2,6706.408345752608
Motappa Layout,1113.0,2.0,52.0,2,4672.057502246182
Devarabeesana Halli,1738.0,3.0,110.0,3,6329.113924050633
Brookefield,1206.0,2.0,90.0,2,7462.686567164179
Hebbal,2790.0,4.0,198.0,4,7096.774193548387
Hebbal,1162.0,2.0,59.0,2,5077.452667814114
Parappana Agrahara,1194.0,2.0,46.0,2,3852.5963149078725
Sarjapur  Road,1857.0,4.0,155.0,3,8346.795907377491
Kattigenahalli,3500.0,6.0,115.0,6,3285.714285714286
Rajaji Nagar,1763.0,3.0,240.0,2,13613.159387407828
Uttarahalli,1150.0,2.0,45.99,2,3999.1304347826085
Koramangala,2400.0,5.0,550.0,4,22916.666666666668
Chikkalasandra,1290.0,2.0,72.0,2,5581.395348837209
Thubarahalli,3408.0,5.0,145.0,4,4254.694835680752
HBR Layout,900.0,2.0,145.0,2,16111.111111111111
Sanjay nagar,1150.0,2.0,70.0,2,6086.95652173913
Banashankari,1040.0,2.0,109.0,3,10480.76923076923
Yeshwanthpur,1160.0,2.0,64.08,2,5524.137931034483
Soundarya Layout,900.0,2.0,27.0,2,3000.0
Sarjapur  Road,1750.0,3.0,185.0,4,10571.42857142857
Electronic City,1320.0,2.0,38.12,3,2887.8787878787875
Lingadheeranahalli,2240.0,4.0,160.0,4,7142.857142857143
Electronics City Phase 1,891.0,2.0,26.0,2,2918.0695847362513
Udaya Nagar,1000.0,4.0,80.0,5,8000.0
Ambedkar Nagar,1852.0,3.0,125.0,3,6749.460043196545
Chandapura,1323.0,2.0,42.0,3,3174.6031746031745
Vittasandra,1404.0,2.0,67.5,2,4807.692307692308
Dodda Nekkundi,1370.0,2.0,60.0,2,4379.56204379562
Uttarahalli,1385.0,2.0,48.48,3,3500.361010830325
Gollarapalya Hosahalli,1129.0,2.0,50.0,2,4428.697962798937
Mahalakshmi Layout,1876.0,3.0,150.0,3,7995.735607675906
Brooke Bond First Cross,1720.0,3.0,95.0,3,5523.2558139534885
Jalahalli East,1200.0,4.0,80.0,4,6666.666666666667
Mysore Road,1175.0,2.0,86.68,2,7377.021276595745
Nagawara Junction,500.0,1.0,51.0,1,10200.0
Dasappa Layout,1200.0,5.0,85.0,5,7083.333333333333
Electronic City Phase II,1200.0,1.0,295.0,1,24583.333333333332
Hosa Road,1893.0,3.0,130.0,3,6867.406233491812
Whitefield,1430.0,3.0,52.0,3,3636.3636363636365
Green View Layout,850.0,2.0,45.0,2,5294.117647058823
CV Raman Nagar,1392.0,2.0,110.0,2,7902.298850574713
Kanakpura Road,1938.0,3.0,105.0,3,5417.956656346749
Chennammanakere Achukattu,1020.0,2.0,52.0,2,5098.0392156862745
"beml layout, basaveshwara nagar",2400.0,2.0,360.0,3,15000.0
HBR Layout,1832.0,3.0,160.0,3,8733.624454148472
Konanakunte,1423.0,2.0,85.0,3,5973.295853829937
Jakkur,1432.0,2.0,85.0,2,5935.754189944134
2nd Block Hrbr Layout,1350.0,4.0,235.0,4,17407.40740740741
BTM 2nd Stage,1500.0,6.0,270.0,8,18000.0
CV Raman Nagar,1480.0,3.0,65.0,3,4391.891891891892
Kanakpura Road,1843.0,3.0,96.2,3,5219.750406945198
Lingarajapuram,760.0,4.0,95.0,3,12500.0
Hulimavu,1916.0,2.0,150.0,3,7828.8100208768265
Hennur,1255.0,2.0,55.5,2,4422.310756972111
Yelenahalli,1160.0,2.0,44.08,2,3800.0
Old Madras Road,2640.0,2.0,170.0,2,6439.393939393939
Bommanahalli,1160.0,2.0,53.0,2,4568.9655172413795
Lakshminarayana Pura,1200.0,2.0,80.0,2,6666.666666666667
7th Phase JP Nagar,1100.0,2.0,44.0,2,4000.0
Ramagondanahalli,1500.0,3.0,100.0,3,6666.666666666667
Electronic City Phase II,1336.0,2.0,50.35,3,3768.7125748502995
Choodasandra,1065.0,2.0,46.0,2,4319.24882629108
Hebbal,1294.0,2.0,115.0,2,8887.171561051005
Rachenahalli,1550.0,3.0,68.5,3,4419.354838709677
Whitefield,1216.0,2.0,75.0,2,6167.763157894737
Bank Of Baroda Colony,1005.0,2.0,40.0,2,3980.0995024875624
7th Phase JP Nagar,1430.0,2.0,102.0,3,7132.867132867133
Frazer Town,4100.0,4.0,660.0,4,16097.560975609756
Hoodi,1660.0,3.0,125.0,3,7530.120481927711
Thanisandra,1430.0,2.0,56.0,3,3916.083916083916
Hennur Road,1470.0,2.0,75.0,3,5102.040816326531
Jalahalli,1045.0,2.0,76.77,2,7346.411483253589
Hebbal,4225.0,6.0,359.0,4,8497.041420118343
Anjanapura,950.0,2.0,30.0,2,3157.8947368421054
Doddathoguru,1382.0,3.0,65.0,3,4703.328509406657
BTM 2nd Stage,930.0,2.0,46.0,2,4946.236559139785
Sarjapur  Road,1660.0,2.0,116.0,3,6987.951807228916
Vijinapura,1290.0,2.0,71.95,2,5577.519379844961
Whitefield,1010.0,2.0,45.0,3,4455.445544554455
Brookefield,3050.0,4.0,130.0,4,4262.295081967213
Dodda Nekkundi,1200.0,2.0,71.0,2,5916.666666666667
3rd Block Hrbr Layout,1650.0,3.0,140.0,3,8484.848484848484
Budigere,1636.0,3.0,88.0,3,5378.973105134474
Rajaji Nagar,2367.0,3.0,320.0,3,13519.22264469793
Budigere,1153.0,2.0,56.55,2,4904.596704249783
Hegde Nagar,2087.01,4.0,160.0,3,7666.470213367448
LB Shastri Nagar,1200.0,2.0,47.0,2,3916.6666666666665
HSR Layout,1844.0,3.0,89.0,3,4826.46420824295
Begur Road,1215.0,2.0,43.75,2,3600.8230452674898
Sarjapur  Road,1194.0,2.0,57.0,2,4773.869346733668
Chennappa Layout,1220.0,2.0,52.0,2,4262.295081967213
1st Block HBR Layout,3150.0,4.0,150.0,4,4761.9047619047615
Kanakpura Road,525.0,1.0,26.0,1,4952.380952380952
Bommasandra,955.0,2.0,37.97,2,3975.916230366492
Kadugondanahalli,2000.0,5.0,75.0,5,3750.0
Magadi Road,884.0,2.0,48.0,2,5429.864253393665
Kathriguppe,1250.0,2.0,68.75,2,5500.0
Bommasandra Industrial Area,7000.0,2.0,135.0,2,1928.5714285714287
Dodda Nekkundi,2400.0,4.0,300.0,3,12500.0
Harlur,2990.0,4.0,225.0,4,7525.083612040134
Bellandur,1195.0,2.0,52.0,2,4351.464435146443
Sadhguru Layout,2559.0,1.0,55.0,1,2149.2770613520906
Begur,1200.0,2.0,33.0,2,2750.0
Sarjapur  Road,984.0,2.0,45.75,2,4649.390243902439
Bommasandra,1089.0,2.0,40.0,2,3673.094582185491
Hennur Road,1165.0,2.0,52.0,2,4463.519313304721
Chandapura,410.0,1.0,10.0,1,2439.0243902439024
Hennur,1482.0,3.0,110.0,3,7422.402159244264
Ramamurthy Nagar,1200.0,2.0,68.0,2,5666.666666666667
Kanakapura,1938.0,3.0,113.0,3,5830.7533539731685
Hormavu,1166.0,2.0,34.97,3,2999.1423670668955
Chikkalasandra,1275.0,2.0,55.46,3,4349.803921568628
Mico Layout,1140.0,2.0,43.0,2,3771.9298245614036
Hegde Nagar,3734.0,5.0,430.0,4,11515.800749866095
Tejaswini Nagar,720.0,1.0,28.0,1,3888.8888888888887
Nagarbhavi,1200.0,3.0,228.0,3,19000.0
Richards Town,1100.0,2.0,90.0,2,8181.818181818182
Sector 7 HSR Layout,1162.0,2.0,98.77,2,8500.0
Ramamurthy Nagar,540.0,1.0,35.0,1,6481.481481481482
Rachenahalli,1550.0,2.0,73.5,3,4741.935483870968
R.T. Nagar,1300.0,3.0,145.0,3,11153.846153846154
Ullal Road,1200.0,5.0,130.0,5,10833.333333333334
Chikbasavanapura,1220.0,2.0,60.0,2,4918.0327868852455
Doddathoguru,964.0,2.0,62.0,2,6431.535269709543
"Electronic City Phase 1, ",1500.0,3.0,50.0,3,3333.3333333333335
Sarjapur  Road,1347.0,2.0,44.0,3,3266.5181885671864
"JP Nagar 8th Phase, ",5000.0,5.0,250.0,4,5000.0
Bannerghatta Road,3000.0,4.0,140.0,4,4666.666666666667
Bannerghatta,1120.0,2.0,42.5,2,3794.6428571428573
Lake City,600.0,1.0,22.8,1,3800.0
Whitefield,2321.0,4.0,157.0,3,6764.325721671693
Bhagyalakshmi Avenue,540.0,1.0,24.0,1,4444.444444444444
Hebbal,1150.0,2.0,57.0,2,4956.521739130435
Sonnenahalli,1484.0,3.0,75.0,3,5053.908355795148
Ramagondanahalli,1680.0,2.0,68.0,3,4047.6190476190477
Byagadadhenahalli,620.0,2.0,23.0,2,3709.6774193548385
Dodda Banaswadi,1650.0,3.0,78.0,3,4727.272727272727
Chuchangatta Colony,1250.0,3.0,44.0,3,3520.0
Hanuman Nagar,2072.0,3.0,108.0,3,5212.355212355213
Sarjapur  Road,1105.0,2.0,40.0,2,3619.9095022624433
Vidyaranyapura,1200.0,2.0,60.5,2,5041.666666666667
Kumaraswami Layout,3100.0,7.0,145.0,7,4677.419354838709
Whitefield,4007.0,4.0,530.0,4,13226.853007237334
Electronic City,550.0,2.0,16.0,2,2909.090909090909
Banashankari,1340.0,2.0,53.6,3,4000.0
Rajaji Nagar,2409.0,3.0,395.0,3,16396.84516396845
Haralur Road,1194.0,2.0,46.0,2,3852.5963149078725
Vittasandra,1246.0,2.0,65.0,2,5216.69341894061
Old Airport Road,1055.0,2.0,75.0,2,7109.004739336493
Hosa Road,1541.0,3.0,69.61,3,4517.1966255678135
Harlur,1370.0,2.0,88.0,2,6423.3576642335765
Whitefield,1224.0,2.0,75.0,2,6127.450980392156
Kengeri Satellite Town,650.0,2.0,58.0,4,8923.076923076924
Kambipura,883.0,2.0,39.0,2,4416.761041902605
Yeshwanthpur,1676.0,3.0,92.13,3,5497.016706443914
Shree Ananth Nagar Layout,1154.0,2.0,57.0,2,4939.341421143848
Kanakpura Road,1610.0,3.0,78.5,3,4875.776397515528
Devasthanagalu,1057.0,2.0,42.0,2,3973.5099337748343
Raja Rajeshwari Nagar,1157.0,2.0,65.0,2,5617.9775280898875
Doddagubbi,1200.0,4.0,85.0,4,7083.333333333333
Dasappa Layout,1500.0,7.0,130.0,7,8666.666666666666
Gulimangala,980.0,2.0,35.0,2,3571.4285714285716
Sarjapur  Road,1140.0,2.0,40.0,2,3508.7719298245615
Raja Rajeshwari Nagar,1206.0,2.0,40.7,2,3374.7927031509125
Electronic City Phase II,575.0,1.0,16.75,1,2913.0434782608695
Koramangala,1600.0,3.0,170.0,3,10625.0
1st Stage Indira Nagar,2400.0,4.0,500.0,4,20833.333333333332
Horamavu Agara,1300.0,2.0,52.0,3,4000.0
Tunganagara,1270.0,2.0,35.56,3,2800.0
Electronic City,1128.0,2.0,63.5,2,5629.432624113475
Electronics City Phase 1,640.0,1.0,45.0,1,7031.25
4th T block Jayanagar,2400.0,3.0,185.0,3,7708.333333333333
TC Palaya,1200.0,2.0,66.0,3,5500.0
Kanakapura,1090.0,2.0,38.15,2,3500.0
Electronic City,589.0,1.0,29.0,1,4923.599320882852
Electronic City,1125.0,2.0,28.13,2,2500.4444444444443
Kogilu,1140.0,2.0,50.66,2,4443.859649122807
Sarjapur  Road,3150.0,4.0,500.0,4,15873.015873015873
Kundalahalli,1315.0,2.0,74.0,2,5627.376425855513
Bellandur,1435.0,2.0,115.0,3,8013.937282229966
Haralur Road,1092.0,2.0,44.0,2,4029.3040293040294
Kadugodi,1314.0,2.0,80.0,2,6088.2800608828
Koramangala,1260.0,2.0,100.0,2,7936.507936507936
Srirampura,1875.0,5.0,192.0,7,10240.0
Nagarbhavi,1080.0,2.0,49.0,2,4537.037037037037
Nagasandra,4000.0,8.0,160.0,8,4000.0
Mysore Road,1082.0,2.0,45.0,3,4158.964879852126
Jakkur,1150.0,3.0,65.0,3,5652.173913043478
Hennur Road,1052.0,2.0,34.72,2,3300.380228136882
Yelahanka,1045.0,2.0,45.0,2,4306.2200956937795
Kodigehaali,1442.0,3.0,80.0,3,5547.850208044383
Kaggadasapura,1500.0,2.0,75.0,3,5000.0
Marsur,497.0,1.0,20.0,2,4024.1448692152917
Hennur,1255.0,2.0,53.57,2,4268.525896414342
Vajarahalli,1432.0,3.0,79.0,3,5516.7597765363125
Kundalahalli,2100.0,3.0,150.0,3,7142.857142857143
Hennur Road,1450.0,2.0,80.0,2,5517.241379310345
Sarjapur  Road,1346.0,2.0,69.61,2,5171.619613670134
Kumaraswami Layout,1200.0,2.0,29.0,2,2416.6666666666665
Electronic City Phase II,925.0,2.0,49.82,3,5385.945945945946
Dasarahalli,1160.0,2.0,49.0,2,4224.137931034483
Lingadheeranahalli,1768.0,3.0,81.31,3,4598.981900452489
Kothanur,1094.0,2.0,54.0,2,4936.014625228519
Seetharampalya,1500.0,3.0,90.0,3,6000.0
Gubbalala,1745.0,3.0,130.0,3,7449.856733524355
Bommanahalli,2875.0,7.0,85.0,7,2956.521739130435
Byadarahalli,3500.0,3.0,425.0,4,12142.857142857143
Sonnenahalli,1550.0,3.0,50.0,3,3225.8064516129034
Rajiv Nagar,2340.0,5.0,160.0,4,6837.606837606838
Whitefield,1655.0,3.0,113.0,3,6827.794561933535
Battarahalli,2024.0,3.0,103.0,3,5088.932806324111
Siddapura,3100.0,5.0,425.0,4,13709.677419354839
Jalahalli,1575.0,4.0,100.0,3,6349.206349206349
Iblur Village,1920.0,3.0,130.0,3,6770.833333333333
Sarjapur  Road,6200.0,4.0,744.0,4,12000.0
Kambipura,1082.0,2.0,55.0,3,5083.179297597043
BTM 2nd Stage,1265.0,2.0,55.0,3,4347.826086956522
Kengeri Satellite Town KHB Apartment,1100.0,2.0,45.0,3,4090.909090909091
Margondanahalli,1160.0,2.0,65.0,2,5603.448275862069
Vittasandra,1246.0,2.0,67.4,2,5409.309791332264
Hosa Road,615.0,1.0,43.08,1,7004.878048780488
7th Phase JP Nagar,1128.0,2.0,60.0,2,5319.148936170212
Tirumanahalli,1260.0,2.0,55.0,2,4365.079365079365
Bellandur,1830.0,3.0,89.89,3,4912.021857923497
Sarjapur,1525.0,2.0,68.0,3,4459.016393442623
Yelahanka,602.0,2.0,30.0,1,4983.388704318937
Kumaraswami Layout,3000.0,4.0,400.0,7,13333.333333333334
Hegde Nagar,1835.0,3.0,89.0,3,4850.136239782017
Kanakpura Road,1250.0,3.0,62.6,3,5008.0
Subhash Nagar,1200.0,4.0,110.0,4,9166.666666666666
Murugeshpalya,1855.0,3.0,96.0,3,5175.202156334231
Kanakpura Road,1450.0,3.0,60.91,3,4200.689655172414
Sarjapur  Road,2089.0,3.0,148.0,3,7084.729535662997
Haralur Road,1464.0,3.0,56.0,3,3825.136612021858
Banashankari Stage VI,4800.0,3.0,200.0,4,4166.666666666667
Begur Road,1200.0,2.0,44.73,2,3727.5
Sarjapur,1095.0,2.0,45.0,2,4109.58904109589
Ambedkar Nagar,2900.0,3.0,297.0,3,10241.379310344828
BTM 2nd Stage,2500.0,3.0,345.0,3,13800.0
Kothanur,1170.0,3.0,80.0,3,6837.606837606838
6th Phase JP Nagar,1280.0,2.0,88.0,2,6875.0
Rajaji Nagar,1224.0,2.0,105.0,2,8578.43137254902
Thanisandra,1694.0,3.0,125.0,3,7378.984651711924
Electronic City,825.0,2.0,30.0,2,3636.3636363636365
Sarjapur  Road,1612.0,3.0,98.38,3,6102.977667493797
Chandapura,985.0,2.0,25.12,2,2550.253807106599
Murugeshpalya,1175.0,2.0,75.0,2,6382.978723404255
Sunkadakatte,600.0,1.0,24.0,1,4000.0
Whitefield,1740.0,3.0,85.0,3,4885.057471264367
Carmelaram,1770.0,3.0,99.0,3,5593.220338983051
HAL 2nd Stage,1000.0,7.0,260.0,8,26000.0
Horamavu Agara,1090.0,2.0,46.0,2,4220.183486238532
Vasanth nagar,2295.0,3.0,650.0,6,28322.44008714597
Whitefield,4144.0,5.0,331.0,5,7987.451737451737
Jogupalya,1800.0,3.0,130.0,3,7222.222222222223
Jigani,1221.0,3.0,65.0,3,5323.505323505324
8th Phase JP Nagar,1046.0,2.0,48.0,2,4588.910133843212
Uttarahalli,1290.0,2.0,56.12,3,4350.387596899225
Electronic City Phase II,1065.0,2.0,30.76,2,2888.262910798122
Ambedkar Nagar,1850.0,4.0,121.0,3,6540.540540540541
Battarahalli,1097.0,2.0,49.0,2,4466.727438468551
Kalena Agrahara,1200.0,3.0,70.0,2,5833.333333333333
Varthur,2160.0,3.0,170.0,3,7870.37037037037
Anekal,1140.0,2.0,52.0,2,4561.403508771929
Thigalarapalya,1297.0,2.0,98.0,2,7555.898226676947
Padmanabhanagar,1150.0,2.0,50.0,2,4347.826086956522
Kuvempu Nagar,1375.0,2.0,45.0,2,3272.7272727272725
Babusapalaya,1245.0,2.0,58.0,2,4658.634538152611
Vasanth nagar,4750.0,6.0,948.0,4,19957.894736842107
Nagarbhavi,1800.0,3.0,180.0,4,10000.0
Brookefield,1594.0,3.0,140.0,3,8782.936010037642
TC Palaya,1200.0,2.0,66.0,3,5500.0
Chandapura,645.0,1.0,16.45,1,2550.3875968992247
Kanakpura Road,700.0,2.0,36.0,2,5142.857142857143
Rajaji Nagar,2500.0,4.0,650.0,5,26000.0
Raja Rajeshwari Nagar,1000.0,2.0,50.0,2,5000.0
Whitefield,4000.0,5.0,540.0,6,13500.0
Begur Road,1160.0,2.0,42.0,2,3620.689655172414
Uday Nagar,1200.0,6.0,85.0,6,7083.333333333333
OMBR Layout,600.0,3.0,140.0,5,23333.333333333332
Gopalkrishna Nagar,1570.0,2.0,95.0,3,6050.955414012738
Sarjapur  Road,1290.0,2.0,88.0,2,6821.705426356589
Kudlu Gate,1200.0,2.0,44.4,2,3700.0
Langford Gardens,2777.29,5.0,649.0,3,23368.10343896388
Shanti Nagar,2250.0,3.0,180.0,3,8000.0
Defence Colony,1270.0,2.0,172.0,2,13543.307086614173
Akshayanagara East,1145.0,2.0,44.0,2,3842.7947598253277
Chikkabanavar,1320.0,2.0,46.0,3,3484.848484848485
Electronic City Phase II,1065.0,2.0,30.75,2,2887.323943661972
Whitefield,1650.0,3.0,48.0,3,2909.090909090909
Sarjapur  Road,1371.0,2.0,86.0,2,6272.793581327498
Doddanakunte,2700.0,5.0,150.0,5,5555.555555555556
Electronic City,1575.0,3.0,94.5,3,6000.0
Yelahanka,1362.0,2.0,66.0,2,4845.814977973569
Haralur Road,1255.0,3.0,90.0,3,7171.314741035857
Whitefield,925.0,2.0,35.0,2,3783.7837837837837
Electronics City Phase 1,1088.0,2.0,30.46,2,2799.6323529411766
Yelahanka,1234.0,2.0,80.0,2,6482.982171799027
Sarjapur  Road,2140.0,3.0,139.0,3,6495.327102803738
Thubarahalli,1584.0,3.0,101.0,3,6376.262626262626
Whitefield,1175.0,2.0,50.0,2,4255.31914893617
Sarjapura - Attibele Road,1555.0,3.0,52.0,3,3344.051446945338
Chandapura,645.0,1.0,16.45,1,2550.3875968992247
Dodda Nekkundi,1585.0,2.0,79.0,3,4984.22712933754
Kalena Agrahara,1354.0,2.0,71.0,2,5243.722304283604
Madiwala,1165.0,2.0,45.0,2,3862.6609442060085
Kumaraswami Layout,1200.0,3.0,75.0,3,6250.0
Hebbal,1740.0,2.0,137.0,3,7873.563218390805
Hebbal,1200.0,9.0,185.0,9,15416.666666666666
Rachenahalli,985.0,2.0,50.17,2,5093.401015228426
Chandapura,1200.0,2.0,36.0,2,3000.0
Kattigenahalli,600.0,4.0,70.0,3,11666.666666666666
Duddanahalli,1340.0,2.0,47.0,3,3507.4626865671644
Begur Road,1583.0,3.0,95.23,3,6015.792798483892
"Beml layout, Rajarajeshwari nagar",1200.0,5.0,325.0,4,27083.333333333332
Basaveshwara Nagar,1200.0,1.0,180.0,2,15000.0
Bannerghatta Road,1122.5,2.0,61.74,2,5500.22271714922
Thanisandra,1573.0,3.0,100.0,3,6357.279084551812
CV Raman Nagar,1227.0,2.0,42.88,2,3494.702526487368
Yemlur,1210.0,2.0,60.0,2,4958.677685950413
Basavangudi,1650.0,3.0,125.0,3,7575.757575757576
Chikkalasandra,1000.0,4.0,300.0,5,30000.0
Raja Rajeshwari Nagar,1485.0,2.0,63.0,3,4242.424242424242
Haralur Road,1735.0,3.0,97.0,3,5590.778097982709
Hebbal Kempapura,1730.0,3.0,175.0,3,10115.606936416185
Sector 1 HSR Layout,1684.0,3.0,86.0,3,5106.88836104513
Sai Gardens,1686.0,3.0,77.0,3,4567.022538552787
Bikasipura,1654.0,3.0,82.0,3,4957.678355501814
Green Glen Layout,1600.0,3.0,105.0,3,6562.5
KR Puram,1100.0,2.0,39.9,2,3627.2727272727275
Bannerghatta Road,1655.0,3.0,95.0,3,5740.181268882176
Hennur,1830.0,3.0,121.0,3,6612.021857923497
Hebbal,1430.0,3.0,85.0,3,5944.055944055944
Judicial Layout,1989.0,4.0,155.0,3,7792.860734037205
Sarjapur  Road,1044.0,2.0,55.0,2,5268.199233716475
Banashankari,1426.0,3.0,85.0,3,5960.729312762974
Choodasandra,1115.0,2.0,50.0,2,4484.304932735426
Yelahanka,1000.0,2.0,29.0,2,2900.0
Kathriguppe,754.0,2.0,69.99,2,9282.493368700265
Electronic City Phase II,1140.0,2.0,33.06,2,2900.0
Kodichikkanahalli,900.0,2.0,35.0,2,3888.8888888888887
Gulakamale,1200.0,2.0,50.0,2,4166.666666666667
Malleshwaram,580.0,1.0,45.0,1,7758.620689655172
TC Palaya,1200.0,2.0,66.0,3,5500.0
Munnekollal,1030.0,2.0,50.36,2,4889.320388349514
Koramangala,1910.0,4.0,150.0,3,7853.4031413612565
Mahalakshmi Puram,1950.0,3.0,132.0,3,6769.2307692307695
Kundalahalli,1724.0,3.0,125.0,3,7250.580046403712
Konanakunte Cross,1200.0,2.0,130.0,3,10833.333333333334
Rajaji Nagar,1314.0,2.0,225.0,2,17123.287671232876
Kothanur,1400.0,2.0,65.0,2,4642.857142857143
Kaggadasapura,1400.0,2.0,68.0,3,4857.142857142857
Hulimavu,1115.0,2.0,44.6,2,4000.0
Bharathi Nagar,1300.0,2.0,55.86,2,4296.923076923077
Arishinakunte,2400.0,4.0,150.0,4,6250.0
Kanakpura Road,1332.0,2.0,108.0,2,8108.108108108108
Abbigere,1000.0,2.0,41.0,2,4100.0
Whitefield,1200.0,3.0,67.75,3,5645.833333333333
Whitefield,2444.0,4.0,145.0,4,5932.896890343699
Electronic City,1070.0,2.0,48.0,2,4485.981308411215
Sarjapur  Road,1600.0,3.0,85.0,3,5312.5
Marathahalli,1196.0,2.0,57.95,2,4845.3177257525085
Electronic City,1025.0,2.0,54.0,2,5268.292682926829
Choodasandra,1220.0,3.0,56.0,3,4590.163934426229
Sarjapur  Road,2180.0,4.0,180.0,3,8256.880733944954
Jakkasandra,1600.0,3.0,102.0,3,6375.0
Whitefield,1270.0,2.0,110.0,2,8661.417322834646
Shanthala Nagar,3290.0,4.0,460.0,3,13981.76291793313
Jakkur,1932.47,3.0,183.0,3,9469.7459727706
Jalahalli,2086.0,3.0,160.0,3,7670.182166826462
Old Madras Road,1165.0,2.0,51.42,2,4413.733905579399
Marathahalli,1310.0,3.0,63.25,3,4828.244274809161
Rajaji Nagar,1440.0,2.0,165.0,2,11458.333333333334
Electronics City Phase 1,1900.0,3.0,85.0,3,4473.684210526316
Chandapura,740.0,1.0,22.0,2,2972.972972972973
Yeshwanthpur,2503.0,3.0,138.0,3,5513.383939272872
5th Phase JP Nagar,1075.0,2.0,60.0,2,5581.395348837209
Bellandur,1260.0,2.0,83.5,2,6626.984126984127
Yelahanka,1282.0,2.0,48.72,3,3800.312012480499
Tumkur Road,1100.0,2.0,60.0,4,5454.545454545455
Green Glen Layout,1717.0,3.0,125.0,3,7280.139778683751
Chellikere,1088.0,2.0,46.0,2,4227.941176470588
Raja Rajeshwari Nagar,1335.0,2.0,56.0,3,4194.756554307116
Vidyaranyapura,1200.0,2.0,42.0,2,3500.0
Garudachar Palya,1325.0,2.0,60.0,3,4528.301886792453
JP Nagar,1157.0,2.0,73.0,2,6309.420916162489
Sahakara Nagar,1200.0,2.0,54.0,2,4500.0
Pai Layout,1510.0,2.0,65.0,3,4304.635761589404
Bommanahalli,1050.0,2.0,54.0,2,5142.857142857143
Chikkadunnasandra,1200.0,2.0,45.0,2,3750.0
Binny Pete,1516.0,3.0,147.0,3,9696.569920844327
Indira Nagar,2400.0,6.0,475.0,6,19791.666666666668
Channasandra,1050.0,2.0,44.41,2,4229.523809523809
Hegde Nagar,1000.0,2.0,66.0,2,6600.0
9th Phase JP Nagar,1050.0,2.0,35.0,2,3333.3333333333335
JP Nagar,600.0,5.0,110.0,4,18333.333333333332
BEML Layout,1194.0,2.0,65.0,2,5443.886097152429
Ananth Nagar,600.0,3.0,62.0,4,10333.333333333334
Hormavu,1210.0,2.0,69.0,2,5702.479338842975
Whitefield,1660.0,3.0,110.0,3,6626.506024096386
Malleshwaram,1410.0,2.0,125.0,2,8865.248226950354
Electronics City Phase 1,1305.0,2.0,67.0,2,5134.099616858238
Kavika Layout,1800.0,6.0,101.0,6,5611.111111111111
Bannerghatta Road,1206.0,2.0,53.0,2,4394.69320066335
Kambipura,883.0,2.0,49.0,2,5549.263873159683
Bannerghatta Road,1150.0,2.0,55.0,2,4782.608695652174
Dinnur,1100.0,2.0,65.0,2,5909.090909090909
Banashankari Stage II,1245.0,2.0,125.0,2,10040.160642570281
Cooke Town,1850.0,3.0,110.0,3,5945.945945945946
Hoodi,3385.0,4.0,220.0,4,6499.261447562777
Sompura,2150.0,3.0,85.0,4,3953.4883720930234
Hebbal,3895.0,3.0,390.0,3,10012.836970474968
Lingarajapuram,1035.0,2.0,55.0,2,5314.009661835748
Nandini Layout,600.0,3.0,72.0,2,12000.0
Zuzuvadi,1200.0,3.0,75.0,3,6250.0
Hennur Road,1155.0,2.0,69.18,2,5989.6103896103905
BCC Layout,1200.0,6.0,235.0,7,19583.333333333332
Electronics City Phase 1,755.0,1.0,30.12,1,3989.4039735099336
Ramamurthy Nagar,960.0,2.0,35.0,2,3645.8333333333335
Harsha Layout,450.0,1.0,20.0,1,4444.444444444444
Infantry Road,4000.0,5.0,680.0,5,17000.0
Raja Rajeshwari Nagar,1571.0,3.0,53.12,3,3381.285805219605
Sarjapur  Road,1691.0,3.0,119.0,3,7037.25606150207
Kanakapura,1489.0,2.0,70.0,3,4701.141705842848
Kengeri Satellite Town,800.0,2.0,32.0,2,4000.0
Jalahalli,980.0,2.0,60.0,3,6122.448979591837
Bannerghatta Road,1215.0,2.0,65.0,2,5349.794238683127
Electronic City Phase II,911.0,2.0,26.5,2,2908.8913282107574
Bellandur,1535.0,3.0,90.0,3,5863.192182410424
5th Block Hbr Layout,1200.0,5.0,205.0,5,17083.333333333332
R.T. Nagar,1500.0,2.0,70.0,3,4666.666666666667
Brookefield,1588.0,2.0,58.0,2,3652.3929471032748
Horamavu Banaswadi,675.0,4.0,68.0,4,10074.074074074075
Kannamangala,957.0,2.0,56.0,2,5851.619644723093
Electronic City Phase II,1200.0,2.0,34.65,2,2887.5
Kanakapura main  Road,1495.0,2.0,52.33,3,3500.334448160535
Bisuvanahalli,845.0,2.0,34.0,2,4023.6686390532545
Padmanabhanagar,3000.0,4.0,350.0,4,11666.666666666666
Sarjapur  Road,2206.0,4.0,180.0,3,8159.564823209429
Kasavanhalli,1181.0,2.0,61.0,2,5165.114309906859
Sarjapur  Road,1309.0,2.0,69.5,2,5309.396485867074
Horamavu Agara,1400.0,3.0,63.0,3,4500.0
B Channasandra,1650.0,5.0,450.0,5,27272.727272727272
Kanakpura Road,1622.0,3.0,95.0,3,5856.966707768187
CV Raman Nagar,1225.0,2.0,48.0,2,3918.3673469387754
Jakkur Plantation,1719.0,3.0,95.0,3,5526.468877254218
Abbigere,995.0,2.0,40.8,2,4100.5025125628135
Mahadevpura,1120.0,2.0,53.0,2,4732.142857142857
Bellandur,1047.0,2.0,75.0,2,7163.323782234957
Devanahalli,1466.0,3.0,59.96,3,4090.0409276944065
Sarjapur  Road,1691.0,3.0,100.0,3,5913.660555884092
Chandapura,876.0,2.0,28.47,2,3250.0
CV Raman Nagar,1659.0,3.0,135.0,3,8137.4321880651
Whitefield,1270.0,2.0,105.0,2,8267.71653543307
8th Phase JP Nagar,1269.0,2.0,50.75,3,3999.211977935382
Kammanahalli,1200.0,3.0,80.0,2,6666.666666666667
Budigere,1153.0,2.0,56.5,2,4900.260190806592
Whitefield,1315.0,2.0,69.5,2,5285.171102661597
Hebbal Kempapura,2485.0,4.0,198.0,4,7967.806841046277
Tumkur Road,1354.0,3.0,85.86,3,6341.211225997045
Whitefield,1344.0,3.0,130.0,4,9672.619047619048
Yelahanka,1180.0,2.0,55.0,2,4661.016949152542
Jalahalli,1313.0,2.0,68.0,2,5178.979436405179
Nehru Nagar,1100.0,2.0,50.0,2,4545.454545454545
Nagarbhavi,600.0,4.0,78.0,4,13000.0
Basaveshwara Nagar,1200.0,3.0,190.0,3,15833.333333333334
Srinagar,625.0,3.0,78.0,6,12480.0
Vishwapriya Layout,890.0,2.0,37.0,2,4157.303370786517
Whitefield,1173.0,2.0,78.2,2,6666.666666666667
Reliaable Tranquil Layout,1190.0,2.0,55.0,2,4621.848739495798
Green Glen Layout,1250.0,2.0,75.0,2,6000.0
Hoodi,1644.0,3.0,80.51,3,4897.20194647202
Yelahanka New Town,1740.0,3.0,150.0,3,8620.689655172413
Jakkur,1710.0,3.0,110.0,3,6432.748538011696
5th Phase JP Nagar,1000.0,4.0,130.0,4,13000.0
Hebbal,1662.0,3.0,155.0,3,9326.113116726836
Virupakshapura,1162.0,2.0,48.0,2,4130.808950086059
Whitefield,1362.0,2.0,85.0,2,6240.822320117474
Bhagyalakshmi Avenue,540.0,1.0,22.5,1,4166.666666666667
Thanisandra,1533.0,3.0,75.885,3,4950.097847358122
Masjid e Alkareem,900.0,4.0,62.0,5,6888.888888888889
Sarjapur  Road,1250.0,4.0,135.0,4,10800.0
Begur Road,1410.0,2.0,54.99,3,3900.0
Chikka Tirupathi,2665.0,5.0,125.0,4,4690.431519699812
Singapura Village,970.0,2.0,45.0,2,4639.1752577319585
Kavika Layout,1799.0,6.0,101.0,6,5614.230127848805
8th Block Jayanagar,1500.0,6.0,300.0,6,20000.0
Uttarahalli,1200.0,4.0,155.0,4,12916.666666666666
Haralur Road,1810.0,3.0,97.83,3,5404.972375690608
Sathya Layout,1084.0,2.0,51.0,2,4704.79704797048
Doddabanahalli,1500.0,3.0,85.0,3,5666.666666666667
Uttarahalli,1328.0,2.0,56.0,3,4216.8674698795185
Marathahalli,1485.0,2.0,90.0,3,6060.606060606061
Pai Layout,1500.0,2.0,58.0,3,3866.6666666666665
R.T. Nagar,1100.0,2.0,85.0,2,7727.272727272727
Seetharampalya,1360.0,2.0,73.0,3,5367.64705882353
1st Phase JP Nagar,900.0,2.0,75.0,2,8333.333333333334
SMV layout,600.0,3.0,86.0,3,14333.333333333334
Electronic City Phase II,1031.0,2.0,54.48,2,5284.190106692531
Whitefield,955.0,2.0,38.19,2,3998.952879581152
Uttarahalli,1040.0,2.0,36.4,2,3500.0
KR Puram,2800.0,6.0,110.0,7,3928.5714285714284
Kothannur,1404.0,2.0,56.15,3,3999.287749287749
Haralur Road,1200.0,2.0,46.0,2,3833.3333333333335
Yelahanka,1267.0,3.0,78.0,2,6156.274664561957
Bannerghatta Road,1510.0,2.0,110.0,3,7284.76821192053
Kanakpura Road,900.0,2.0,42.0,2,4666.666666666667
Whitefield,1457.0,2.0,105.0,3,7206.588881262869
Iblur Village,3596.0,4.0,268.0,4,7452.725250278087
8th Phase JP Nagar,1408.0,3.0,80.0,3,5681.818181818182
Dodda Nekkundi,1005.0,2.0,45.0,2,4477.611940298508
Dodsworth Layout,30400.0,4.0,1824.0,6,6000.0
Electronic City Phase II,545.0,1.0,28.0,2,5137.614678899083
"Sarjapur Road, ",1182.0,2.0,64.0,2,5414.551607445009
Talaghattapura,2038.5,3.0,122.0,3,5984.792739759627
Sarjapur  Road,1367.0,2.0,80.0,2,5852.231163130944
BTM 1st Stage,1200.0,4.0,200.0,5,16666.666666666668
Judicial Layout,1100.0,4.0,199.0,5,18090.909090909092
Sarjapur  Road,1565.0,3.0,78.0,3,4984.025559105431
Whitefield,1720.0,3.0,128.0,3,7441.860465116279
Doddathoguru,1107.0,2.0,44.0,2,3974.706413730804
Yelahanka,1360.0,2.0,78.19,2,5749.264705882353
Anekal,625.0,1.0,25.0,2,4000.0
Jalahalli,1701.0,2.0,145.0,2,8524.397413286302
Agrahara Dasarahalli,1350.0,1.0,120.0,3,8888.888888888889
Hosa Road,1016.0,2.0,39.95,2,3932.086614173229
KEB Colony,1500.0,3.0,90.0,3,6000.0
Akshaya Nagar,900.0,2.0,45.0,2,5000.0
Sanjay nagar,1500.0,3.0,150.0,3,10000.0
Chikku Lakshmaiah Layout,2292.0,2.0,285.0,3,12434.554973821989
Kereguddadahalli,1280.0,3.0,42.0,3,3281.25
Sri Balaji Krupa Layout,1750.0,4.0,263.0,4,15028.57142857143
Electronic City,1500.0,2.0,70.0,3,4666.666666666667
Electronic City,1500.0,2.0,64.5,3,4300.0
Gottigere,1245.0,2.0,59.0,2,4738.955823293173
Yelahanka,1025.0,2.0,44.0,2,4292.682926829269
Hennur Gardens,1945.0,3.0,135.0,3,6940.874035989717
Rajaji Nagar,1640.0,3.0,245.0,3,14939.024390243903
Hegde Nagar,1348.0,2.0,80.5,3,5971.810089020772
Tindlu,1100.0,2.0,55.0,2,5000.0
Kammasandra,1616.0,3.0,40.0,3,2475.2475247524753
Yeshwanthpur,1855.0,3.0,135.0,3,7277.628032345014
Hennur,1255.0,2.0,56.5,2,4501.99203187251
HAL 2nd Stage,2040.0,4.0,500.0,5,24509.803921568626
5th Phase JP Nagar,2400.0,4.0,228.0,4,9500.0
Kothanur,1195.0,2.0,59.0,2,4937.238493723849
Bannerghatta Road,1022.0,2.0,35.0,2,3424.6575342465753
Hegde Nagar,760.0,6.0,98.0,6,12894.736842105263
Dodda Nekkundi,1264.0,2.0,52.0,2,4113.9240506329115
Chamrajpet,1650.0,3.0,115.0,3,6969.69696969697
Abbigere,1020.0,2.0,40.8,2,3999.9999999999995
Sarjapur  Road,4395.0,4.0,242.0,4,5506.257110352673
Bommasandra,950.0,2.0,25.0,2,2631.5789473684213
Shantiniketan Layout,2710.0,5.0,142.0,4,5239.852398523985
Hennur Road,1936.0,3.0,131.0,3,6766.528925619835
Ramanashree Enclave,1075.0,2.0,58.0,2,5395.3488372093025
Hosur Road,1223.0,2.0,93.0,2,7604.251839738348
Whitefield,1500.0,3.0,61.9,3,4126.666666666667
Hennur,1050.0,2.0,42.73,2,4069.5238095238096
7th Phase JP Nagar,2100.0,3.0,190.0,3,9047.619047619048
2nd Stage Nagarbhavi,1200.0,4.0,240.0,5,20000.0
Uttarahalli,1650.0,2.0,130.0,3,7878.787878787879
Whitefield,1495.0,2.0,78.0,2,5217.391304347826
JP Nagar,1500.0,2.0,82.0,3,5466.666666666667
Koramangala,1605.0,3.0,260.0,3,16199.376947040499
Whitefield,1270.0,2.0,52.0,2,4094.488188976378
Kumaraswami Layout,1081.0,2.0,60.0,2,5550.416281221092
Koramangala,1600.0,2.0,140.0,3,8750.0
Kanakpura Road,1596.0,3.0,118.0,3,7393.483709273183
Vasanthpura,600.0,6.0,65.0,6,10833.333333333334
Horamavu Agara,1557.0,3.0,70.0,3,4495.82530507386
Devi Nagar,1410.0,3.0,68.0,3,4822.695035460993
Sarjapur  Road,1984.0,4.0,148.0,3,7459.677419354839
Kadugodi,1196.0,2.0,60.0,2,5016.722408026756
Thanisandra,2259.0,3.0,112.0,4,4957.9459938025675
Kenchenahalli,1720.0,3.0,100.0,3,5813.953488372093
8th Phase JP Nagar,600.0,5.0,99.0,4,16500.0
Nagaraja Garden,1256.0,2.0,62.8,2,5000.0
Haralur Road,1243.0,2.0,46.0,2,3700.7240547063557
Electronic City Phase II,1310.0,2.0,37.83,3,2887.7862595419847
7th Phase JP Nagar,1140.0,2.0,57.0,2,5000.0
Cooke Town,1600.0,3.0,260.0,3,16250.0
Kothanur,1790.0,3.0,120.0,3,6703.91061452514
Harlur,1335.0,2.0,72.76,2,5450.187265917603
Nehru Nagar,1674.0,3.0,81.0,3,4838.709677419355
CV Raman Nagar,1200.0,2.0,100.0,5,8333.333333333334
Kenchenhalli,1786.0,3.0,79.99,3,4478.723404255318
Vidyaranyapura,770.0,3.0,65.25,4,8474.025974025973
Sarjapur  Road,1035.0,2.0,47.0,2,4541.062801932367
Whitefield,1564.0,3.0,103.0,3,6585.677749360614
Margondanahalli,1334.0,2.0,67.76,2,5079.460269865068
Defence Colony,7150.0,13.0,3600.0,10,50349.65034965035
Bommasandra,1365.0,3.0,53.96,3,3953.1135531135533
Choodasandra,1115.0,2.0,50.0,2,4484.304932735426
Jalahalli East,1020.0,2.0,42.48,2,4164.705882352941
BCMC Layout,1369.0,2.0,72.0,3,5259.313367421476
Whitefield,1240.0,2.0,41.0,2,3306.451612903226
Nagarbhavi,600.0,3.0,100.0,4,16666.666666666668
Gollahalli,1418.0,2.0,62.0,2,4372.3554301833565
Hebbal,2250.0,3.0,219.0,3,9733.333333333334
Shivaji Nagar,500.0,1.0,20.0,2,4000.0
KR Puram,1020.0,2.0,39.0,2,3823.529411764706
Yelahanka New Town,1290.0,2.0,70.0,2,5426.356589147287
Attibele,1500.0,3.0,90.0,3,6000.0
Billekahalli,1290.0,3.0,62.0,3,4806.201550387597
Jalahalli,1881.0,3.0,115.0,3,6113.769271664009
Jigani,943.0,2.0,49.5,2,5249.204665959703
Electronic City,1140.0,2.0,32.93,2,2888.59649122807
Nayandanahalli,1035.0,2.0,60.0,2,5797.101449275362
Whitefield,1500.0,3.0,71.0,3,4733.333333333333
Sindhi Colony,5665.84,7.0,988.0,5,17437.837990483316
Nanjappa Layout,1232.0,2.0,94.28,2,7652.597402597403
Uttarahalli,1290.0,2.0,56.12,3,4350.387596899225
Malleshwaram,2610.0,4.0,306.0,4,11724.137931034482
Anandapura,1576.0,3.0,58.7,3,3724.6192893401017
Chinnapanahalli,980.0,2.0,41.0,2,4183.673469387755
Hebbal,4000.0,6.0,440.0,4,11000.0
Sarjapur  Road,1346.0,2.0,74.03,2,5500.0
Hoodi,1181.0,2.0,55.0,2,4657.070279424217
Sathya Sai Layout,6652.0,6.0,660.0,4,9921.828021647625
Maragondanahalli,1307.0,2.0,59.0,2,4514.154552410099
Roopena Agrahara,1215.0,2.0,49.86,3,4103.7037037037035
Sanjay nagar,1180.0,2.0,80.0,2,6779.661016949152
Amruthahalli,600.0,1.0,55.0,1,9166.666666666666
Sarjapur  Road,1115.0,2.0,50.0,2,4484.304932735426
Kanakapur main road,1025.0,2.0,43.04,2,4199.024390243902
Ramagondanahalli,1910.0,3.0,131.0,3,6858.638743455497
Gottigere,1200.0,2.0,50.0,2,4166.666666666667
Church Street,2920.0,4.0,536.0,4,18356.164383561645
Hebbal,1349.0,2.0,98.0,2,7264.6404744255005
Electronics City Phase 1,1175.0,2.0,60.0,2,5106.382978723404
2nd Phase Judicial Layout,1150.0,2.0,40.25,2,3500.0
Old Madras Road,935.0,2.0,32.72,2,3499.4652406417113
Whitefield,1404.0,2.0,59.0,3,4202.279202279202
BCC Layout,2700.0,3.0,230.0,4,8518.518518518518
HSR Layout,1203.0,2.0,60.0,2,4987.5311720698255
Nagavara,440.0,3.0,35.0,3,7954.545454545455
Somasundara Palya,1571.0,3.0,63.0,3,4010.1845957988544
Mariyannapalya,1125.0,2.0,46.0,2,4088.8888888888887
Kammasandra,610.0,1.0,18.5,1,3032.7868852459014
Ambalipura,1198.0,2.0,80.0,2,6677.79632721202
Chandapura,1200.0,3.0,65.0,3,5416.666666666667
Nobo Nagar,1200.0,2.0,45.0,2,3750.0
Sathya Sai Layout,6688.0,6.0,700.0,4,10466.507177033493
Crimson Layout,1830.0,3.0,95.0,3,5191.256830601093
Kudlu Gate,1432.0,2.0,61.11,3,4267.458100558659
Somasundara Palya,2300.0,2.0,70.0,3,3043.478260869565
9th Phase JP Nagar,1331.95,2.0,69.0,2,5180.374638687638
Yeshwanthpur,1876.0,3.0,160.0,3,8528.784648187633
Whitefield,1639.0,3.0,107.0,3,6528.370957901159
Akshaya Nagar,1200.0,4.0,125.0,4,10416.666666666666
Kanakpura Road,1665.0,3.0,74.9,3,4498.498498498499
Kogilu,1140.0,2.0,50.66,2,4443.859649122807
Electronic City,2093.0,4.0,134.0,4,6402.293358815098
Kanakpura Road,1450.0,3.0,60.9,3,4200.0
TC Palaya,1330.0,3.0,46.56,3,3500.751879699248
1st Block Koramangala,1200.0,5.0,350.0,4,29166.666666666668
Talaghattapura,1800.0,3.0,84.0,3,4666.666666666667
"Thanisandra Main Road, ",2872.0,4.0,183.0,4,6371.866295264624
Kumarapalli,1486.0,2.0,65.0,3,4374.158815612383
Chikkalasandra,1425.0,1.0,54.0,3,3789.4736842105262
Raja Rajeshwari Nagar,1255.0,2.0,42.54,2,3389.641434262948
Electronic City,750.0,2.0,19.5,2,2600.0
Nagarbhavi,1225.0,2.0,58.0,2,4734.693877551021
Badavala Nagar,1274.0,2.0,90.0,2,7064.36420722135
Medahalli,4600.0,9.0,150.0,9,3260.8695652173915
Kathriguppe,1350.0,3.0,80.99,3,5999.259259259258
Mallathahalli,1100.0,2.0,64.08,2,5825.454545454545
Whitefield,1760.0,3.0,139.0,3,7897.727272727273
Bommasandra,1200.0,3.0,110.0,3,9166.666666666666
Basavanapura,1800.0,5.0,65.0,7,3611.1111111111113
Chandapura,1095.0,2.0,28.0,3,2557.077625570776
HSR Layout,1140.0,2.0,46.0,2,4035.0877192982457
Raja Rajeshwari Nagar,1530.0,3.0,64.86,3,4239.21568627451
Kundalahalli,1724.0,3.0,140.0,3,8120.649651972158
Horamavu Agara,1058.0,2.0,47.0,2,4442.34404536862
KUDLU MAIN ROAD,1464.0,3.0,56.0,3,3825.136612021858
Dodda Nekkundi Extension,1975.0,3.0,90.0,3,4556.962025316456
Sarjapur  Road,1112.0,2.0,58.0,2,5215.827338129497
Doddabommasandra,1600.0,2.0,90.0,2,5625.0
Vittasandra,1648.0,3.0,85.0,3,5157.766990291262
Puttanahalli,1100.0,2.0,32.0,2,2909.090909090909
Hoskote,509.0,1.0,23.0,1,4518.664047151277
Talaghattapura,2265.0,3.0,159.0,3,7019.867549668874
Malleshpalya,1200.0,2.0,46.0,2,3833.3333333333335
Makali,530.0,1.0,18.0,1,3396.2264150943397
Green View Layout,1010.0,2.0,41.0,2,4059.4059405940593
Kaggadasapura,1150.0,2.0,45.0,2,3913.0434782608695
Sarjapur  Road,1340.0,2.0,75.0,2,5597.014925373134
Raja Rajeshwari Nagar,1850.0,3.0,98.0,3,5297.2972972972975
Doddathoguru,907.0,2.0,40.0,2,4410.143329658214
Benson Town,1688.0,2.0,280.0,2,16587.677725118483
Ulsoor,1160.0,2.0,130.0,2,11206.896551724138
Pai Layout,1600.0,2.0,65.0,3,4062.5
Prasanna layout Herohalli,1800.0,5.0,140.0,6,7777.777777777777
Iblur Village,3596.0,5.0,251.0,4,6979.9777530589545
Hosur Road,1464.0,3.0,56.0,3,3825.136612021858
Hennur,1295.0,2.0,62.0,2,4787.644787644787
Kodbisanhalli,1012.0,2.0,62.0,2,6126.482213438735
Yelahanka New Town,1000.0,2.0,48.0,3,4800.0
Channasandra,1010.0,2.0,32.0,2,3168.3168316831684
Bharathi Nagar,1379.0,2.0,85.0,2,6163.8868745467735
Kasavanhalli,1121.0,2.0,75.0,2,6690.454950936663
LB Shastri Nagar,1200.0,2.0,75.0,2,6250.0
Sarakki Nagar,3124.0,6.0,349.0,4,11171.574903969271
Bannerghatta Road,1246.0,2.0,47.35,2,3800.1605136436597
7th Phase JP Nagar,1420.0,3.0,90.0,3,6338.028169014085
Shivaji Nagar,600.0,1.0,65.0,2,10833.333333333334
Hadosiddapura,1090.0,2.0,55.0,2,5045.871559633028
Electronic City,1355.0,2.0,73.0,2,5387.453874538745
Ambedkar Nagar,1425.0,2.0,94.0,2,6596.491228070176
Chikkabanavar,4000.0,7.0,110.0,8,2750.0
Electronics City Phase 1,1700.0,3.0,111.0,3,6529.411764705882
Talaghattapura,2099.0,3.0,134.0,3,6383.992377322535
Yelahanka,1330.0,5.0,210.0,5,15789.473684210527
Devanahalli,1520.0,2.0,69.76,3,4589.473684210527
Sarvobhogam Nagar,1490.0,3.0,140.0,3,9395.973154362417
Horamavu Banaswadi,1000.0,2.0,50.0,2,5000.0
Sahakara Nagar,1291.0,2.0,72.3,2,5600.309837335399
Kanakpura Road,1339.0,2.0,67.0,2,5003.734129947722
Near International Airport,1330.0,2.0,56.0,2,4210.526315789473
Ramakrishnappa Layout,9200.0,4.0,2600.0,4,28260.869565217392
Pattegarhpalya,1200.0,8.0,140.0,8,11666.666666666666
Palace Road,1650.0,1.0,130.0,2,7878.787878787879
Defence Colony,8000.0,6.0,2800.0,6,35000.0
Jakkur,1125.0,2.0,44.75,2,3977.777777777778
CV Raman Nagar,1310.0,2.0,62.0,2,4732.824427480916
Bellandur,1096.0,2.0,40.0,2,3649.6350364963505
Dasanapura,814.0,2.0,43.7,2,5368.550368550368
Sarjapur  Road,3500.0,3.0,275.0,3,7857.142857142857
Raja Rajeshwari Nagar,1140.0,2.0,44.0,2,3859.6491228070176
Singanayakanahalli,1480.0,2.0,75.0,3,5067.5675675675675
Hebbal,4000.0,6.0,370.0,4,9250.0
Nagappa Reddy Layout,1500.0,2.0,78.0,3,5200.0
Sarjapur  Road,1850.0,3.0,89.0,3,4810.810810810811
Jalahalli West,745.0,2.0,36.0,2,4832.214765100671
Whitefield,613.0,1.0,48.0,1,7830.342577487765
Rajarajeshwari nagar,1200.0,5.0,325.0,4,27083.333333333332
Bannerghatta Road,1470.0,2.0,85.0,3,5782.312925170068
Frazer Town,896.0,1.0,100.0,1,11160.714285714286
Tilak Nagar,250.0,2.0,40.0,1,16000.0
T Dasarahalli,1200.0,3.0,125.0,6,10416.666666666666
Bannerghatta Road,1160.0,2.0,45.0,2,3879.310344827586
Laggere,1590.0,9.0,132.0,7,8301.88679245283
Attibele,520.0,1.0,15.0,1,2884.6153846153848
T Dasarahalli,1178.0,9.0,75.0,9,6366.723259762309
Electronic City,1360.0,2.0,64.99,3,4778.676470588234
Gopalkrishna Nagar,1155.0,2.0,64.0,2,5541.1255411255415
Chandapura,520.0,1.0,14.04,1,2700.0
Ambalipura,1615.0,2.0,150.0,3,9287.925696594428
Raja Rajeshwari Nagar,6000.0,8.0,215.0,8,3583.3333333333335
Raja Rajeshwari Nagar,1140.0,2.0,39.0,2,3421.0526315789475
Reliaable Tranquil Layout,1508.0,3.0,77.0,3,5106.100795755968
Ambedkar Nagar,2395.0,4.0,150.0,3,6263.048016701461
Uttarahalli,1590.0,3.0,57.0,3,3584.9056603773583
Thigalarapalya,2215.0,4.0,152.0,3,6862.302483069978
R.T. Nagar,1667.0,3.0,130.0,3,7798.440311937612
7th Block Jayanagar,1903.0,2.0,293.0,3,15396.741986337362
7th Phase JP Nagar,1530.0,2.0,108.0,2,7058.823529411765
Whitefield,1730.0,3.0,125.0,3,7225.43352601156
JP Nagar,1048.0,2.0,44.0,2,4198.473282442748
Malleshpalya,1225.0,2.0,52.0,2,4244.897959183673
Hennur Bande,1200.0,2.0,70.0,2,5833.333333333333
Kundalahalli,1175.0,2.0,65.0,2,5531.914893617021
Electronic City Phase II,1651.0,3.0,49.53,3,3000.0
8th Phase JP Nagar,1500.0,2.0,55.0,3,3666.6666666666665
Doddathoguru,1783.0,3.0,85.0,3,4767.246214245653
Kereguddadahalli,1015.0,2.0,35.0,2,3448.2758620689656
12th cross srinivas nagar banshankari 3rd stage,1800.0,1.0,200.0,1,11111.111111111111
Sarjapur  Road,2758.0,4.0,240.0,4,8701.95794053662
5th Stage BEML Layout,1200.0,5.0,325.0,4,27083.333333333332
Sarjapur  Road,1132.0,2.0,70.0,2,6183.745583038869
KR Puram,1200.0,2.0,75.0,2,6250.0
Hoodi,1490.0,3.0,85.0,3,5704.697986577181
Thanisandra,1917.0,4.0,130.0,4,6781.429316640584
Bhoganhalli,1703.0,3.0,120.0,3,7046.388725778039
Old Madras Road,1211.0,2.0,45.0,2,3715.9372419488027
Kudlu Gate,1310.0,2.0,53.0,2,4045.8015267175574
Marathahalli,1146.0,2.0,69.0,2,6020.942408376964
Kudlu,1041.0,2.0,53.0,2,5091.258405379443
Whitefield,1453.0,2.0,58.0,3,3991.741225051617
Whitefield,877.0,1.0,59.0,1,6727.480045610034
Kanakapura,1477.0,2.0,69.5,3,4705.484089370345
Frazer Town,1420.0,2.0,120.0,2,8450.704225352112
Havanur extension,2000.0,2.0,360.0,3,18000.0
Abshot Layout,1140.0,1.0,185.0,2,16228.070175438597
Sarjapur  Road,1380.0,2.0,55.0,3,3985.5072463768115
Maragondanahalli,1095.0,2.0,57.0,2,5205.479452054795
Hoodi,1258.5,2.0,59.135,2,4698.847834723878
Varthur,1665.0,3.0,71.58,3,4299.0990990990995
KR Puram,1245.0,2.0,60.0,2,4819.277108433735
EPIP Zone,3360.0,5.0,221.0,4,6577.380952380952
Electronic City,2010.0,3.0,201.0,3,10000.0
Shivaji Nagar,1226.0,2.0,60.0,3,4893.964110929854
Uttarahalli,1075.0,2.0,46.76,2,4349.767441860465
Thanisandra,1226.0,2.0,65.59,2,5349.918433931484
Raja Rajeshwari Nagar,510.0,1.0,22.0,1,4313.725490196079
Budigere,1153.0,2.0,60.0,2,5203.816131830009
Kothannur,1600.0,4.0,45.0,4,2812.5
LB Shastri Nagar,1000.0,2.0,49.5,2,4950.0
Kundalahalli Colony,1400.0,7.0,218.0,7,15571.42857142857
Reliaable Tranquil Layout,1256.0,2.0,65.0,2,5175.15923566879
Vishwanatha Nagenahalli,1200.0,5.0,130.0,6,10833.333333333334
Sarjapur,1425.0,3.0,57.0,3,4000.0
Margondanahalli,1375.0,5.0,125.0,5,9090.90909090909
Hosur Road,1919.0,3.0,117.0,3,6096.925482021887
Neeladri Nagar,2111.0,3.0,103.0,3,4879.204168640455
Bannerghatta Road,970.0,2.0,57.0,2,5876.288659793814
VHBCS Layout,1353.0,2.0,110.0,2,8130.081300813008
Jalahalli,1405.0,2.0,85.0,3,6049.82206405694
Gubbalala,1285.0,2.0,90.0,2,7003.8910505836575
Mahadevpura,1050.0,2.0,42.0,2,4000.0
Hebbal,1349.0,2.0,96.8,2,7175.685693106005
Sarjapur  Road,4050.0,2.0,450.0,4,11111.111111111111
Weavers Colony,812.0,1.0,26.0,1,3201.9704433497536
Udayapur Village,1440.0,2.0,63.93,3,4439.583333333333
Sarjapur  Road,2425.0,5.0,195.0,4,8041.237113402062
Sultan Palaya,2200.0,3.0,80.0,4,3636.3636363636365
Haralur Road,1810.0,3.0,112.0,3,6187.845303867403
Cox Town,1200.0,2.0,140.0,2,11666.666666666666
Electronic City,1060.0,2.0,52.0,2,4905.66037735849
Kenchenahalli,1015.0,2.0,60.0,2,5911.330049261083
Whitefield,2856.0,5.0,154.5,4,5409.663865546218
Hosakerehalli,1500.0,6.0,145.0,5,9666.666666666666
Kothanur,1454.0,3.0,71.5,3,4917.469050894085
Annaiah Reddy Layout,1075.0,2.0,48.0,2,4465.116279069767
Vidyaranyapura,774.0,5.0,70.0,5,9043.92764857881
Raja Rajeshwari Nagar,1187.0,2.0,40.14,2,3381.6343723673126
Hulimavu,500.0,1.0,220.0,1,44000.0
Rajarajeshwari Nagara,1200.0,5.0,325.0,4,27083.333333333332
Billekahalli,1805.0,3.0,134.0,3,7423.822714681441
Bannerghatta Road,1527.0,3.0,142.0,3,9299.279633267846
Yeshwanthpur,1675.0,3.0,92.13,3,5500.298507462687
Rachenahalli,1050.0,2.0,52.71,2,5020.0
Ramamurthy Nagar,1500.0,9.0,250.0,7,16666.666666666668
Bellandur,1262.0,2.0,47.0,2,3724.247226624406
Uttarahalli,1345.0,2.0,57.0,3,4237.918215613383
Green Glen Layout,1715.0,3.0,112.0,3,6530.6122448979595
Whitefield,3453.0,4.0,231.0,5,6689.834926151173
Richards Town,3600.0,5.0,400.0,4,11111.111111111111
Raja Rajeshwari Nagar,1141.0,2.0,60.0,2,5258.545135845749
Padmanabhanagar,4689.0,4.0,488.0,4,10407.336319044573
Doddathoguru,550.0,1.0,17.0,1,3090.909090909091
